,Time,Driver,DriverNumber,LapTime,LapNumber,Stint,PitOutTime,PitInTime,Sector1Time,Sector2Time,Sector3Time,Sector1SessionTime,Sector2SessionTime,Sector3SessionTime,SpeedI1,SpeedI2,SpeedFL,SpeedST,IsPersonalBest,Compound,TyreLife,FreshTyre,Team,LapStartTime,LapStartDate,TrackStatus,Position,Deleted,DeletedReason,FastF1Generated,IsAccurate,LapTime_in_seconds,laptime_sum_sectortimes
0,0 days 00:18:04.772000,VER,1,,1.0,1.0,0 days 00:16:06.996000,,,46.726,39.633,,0 days 00:17:25.315000,0 days 00:18:04.807000,270.0,104.0,254.0,,False,MEDIUM,1.0,True,Red Bull Racing,0 days 00:16:06.996000,2022-07-29 15:01:07.004,1,,False,,False,False,,
1,0 days 00:19:24.426000,VER,1,0 days 00:01:19.654000,2.0,1.0,,,28.749,28.429,22.476,0 days 00:18:33.521000,0 days 00:19:01.950000,0 days 00:19:24.426000,280.0,242.0,252.0,305.0,True,MEDIUM,2.0,True,Red Bull Racing,0 days 00:18:04.772000,2022-07-29 15:03:04.780,1,,False,,False,True,79.654,79.654
2,0 days 00:21:53.637000,VER,1,0 days 00:02:29.211000,3.0,1.0,,,58.085,57.965,33.161,0 days 00:20:22.511000,0 days 00:21:20.476000,0 days 00:21:53.637000,93.0,112.0,252.0,268.0,False,MEDIUM,3.0,True,Red Bull Racing,0 days 00:19:24.426000,2022-07-29 15:04:24.434,1,,False,,False,True,149.211,149.211
3,0 days 00:23:23.154000,VER,1,0 days 00:01:29.517000,4.0,1.0,,,28.73,28.446,32.341,0 days 00:22:22.367000,0 days 00:22:50.813000,0 days 00:23:23.154000,283.0,239.0,132.0,303.0,False,MEDIUM,4.0,True,Red Bull Racing,0 days 00:21:53.637000,2022-07-29 15:06:53.645,1,,False,,False,True,89.517,89.517
4,0 days 00:25:49.556000,VER,1,0 days 00:02:26.402000,5.0,1.0,,,47.234,54.292,44.876,0 days 00:24:10.388000,0 days 00:25:04.680000,0 days 00:25:49.556000,136.0,121.0,114.0,172.0,False,MEDIUM,5.0,True,Red Bull Racing,0 days 00:23:23.154000,2022-07-29 15:08:23.162,1,,False,,False,True,146.402,146.40200000000002
5,0 days 00:28:13.085000,VER,1,0 days 00:02:23.529000,6.0,1.0,,,59.355,52.517,31.657,0 days 00:26:48.911000,0 days 00:27:41.428000,0 days 00:28:13.085000,104.0,85.0,255.0,141.0,False,MEDIUM,6.0,True,Red Bull Racing,0 days 00:25:49.556000,2022-07-29 15:10:49.564,1,,False,,False,True,143.529,143.529
6,0 days 00:29:32.770000,VER,1,0 days 00:01:19.685000,7.0,1.0,,,28.578,28.578,22.529,0 days 00:28:41.663000,0 days 00:29:10.241000,0 days 00:29:32.770000,280.0,245.0,252.0,305.0,False,MEDIUM,7.0,True,Red Bull Racing,0 days 00:28:13.085000,2022-07-29 15:13:13.093,1,,False,,False,True,79.685,79.685
7,0 days 00:31:02.194000,VER,1,0 days 00:01:29.424000,8.0,1.0,,0 days 00:31:00.416000,31.208,31.678,26.538,0 days 00:30:03.978000,0 days 00:30:35.656000,0 days 00:31:02.194000,245.0,217.0,,290.0,False,MEDIUM,8.0,True,Red Bull Racing,0 days 00:29:32.770000,2022-07-29 15:14:32.778,1,,False,,False,False,89.424,89.42399999999999
8,0 days 00:47:32.064000,VER,1,,9.0,2.0,0 days 00:45:13.751000,,,50.565,45.926,,0 days 00:46:46.349000,0 days 00:47:32.135000,243.0,86.0,254.0,290.0,False,SOFT,1.0,True,Red Bull Racing,0 days 00:31:02.194000,2022-07-29 15:16:02.202,12,,False,,False,False,,
9,0 days 00:48:50.792000,VER,1,0 days 00:01:18.728000,10.0,2.0,,,28.524,27.821,22.383,0 days 00:48:00.588000,0 days 00:48:28.409000,0 days 00:48:50.792000,278.0,249.0,252.0,304.0,True,SOFT,2.0,True,Red Bull Racing,0 days 00:47:32.064000,2022-07-29 15:32:32.072,1,,False,,False,True,78.728,78.728
10,0 days 00:50:48.788000,VER,1,0 days 00:01:57.996000,11.0,2.0,,0 days 00:50:46.467000,47.566,40.866,29.564,0 days 00:49:38.358000,0 days 00:50:19.224000,0 days 00:50:48.788000,152.0,202.0,,260.0,False,SOFT,3.0,True,Red Bull Racing,0 days 00:48:50.792000,2022-07-29 15:33:50.800,1,,False,,False,False,117.996,117.99600000000001
11,0 days 00:58:31.184000,VER,1,,12.0,3.0,0 days 00:56:54.715000,0 days 00:58:29.376000,,32.792,32.193,,0 days 00:57:59.098000,0 days 00:58:31.206000,244.0,227.0,,260.0,False,MEDIUM,9.0,False,Red Bull Racing,0 days 00:50:48.788000,2022-07-29 15:35:48.796,1,,False,,False,False,,
12,0 days 01:00:27.767000,VER,1,0 days 00:01:56.583000,13.0,4.0,0 days 00:59:00.607000,,58.828,30.66,27.095,0 days 00:59:30.012000,0 days 01:00:00.672000,0 days 01:00:27.767000,273.0,225.0,241.0,260.0,False,MEDIUM,10.0,False,Red Bull Racing,0 days 00:58:31.184000,2022-07-29 15:43:31.192,1,,False,,False,False,116.583,116.583
13,0 days 01:01:51.538000,VER,1,0 days 00:01:23.771000,14.0,4.0,,,30.067,30.086,23.618,0 days 01:00:57.834000,0 days 01:01:27.920000,0 days 01:01:51.538000,276.0,233.0,241.0,285.0,False,MEDIUM,11.0,False,Red Bull Racing,0 days 01:00:27.767000,2022-07-29 15:45:27.775,1,,False,,False,True,83.771,83.771
14,0 days 01:03:15.479000,VER,1,0 days 00:01:23.941000,15.0,4.0,,,30.151,30.124,23.666,0 days 01:02:21.689000,0 days 01:02:51.813000,0 days 01:03:15.479000,277.0,228.0,240.0,286.0,False,MEDIUM,12.0,False,Red Bull Racing,0 days 01:01:51.538000,2022-07-29 15:46:51.546,1,,False,,False,True,83.941,83.941
15,0 days 01:04:39.491000,VER,1,0 days 00:01:24.012000,16.0,4.0,,,30.195,30.09,23.727,0 days 01:03:45.674000,0 days 01:04:15.764000,0 days 01:04:39.491000,277.0,232.0,240.0,286.0,False,MEDIUM,13.0,False,Red Bull Racing,0 days 01:03:15.479000,2022-07-29 15:48:15.487,1,,False,,False,True,84.012,84.012
16,0 days 01:06:03.672000,VER,1,0 days 00:01:24.181000,17.0,4.0,,,30.281,30.196,23.704,0 days 01:05:09.772000,0 days 01:05:39.968000,0 days 01:06:03.672000,278.0,232.0,241.0,287.0,False,MEDIUM,14.0,False,Red Bull Racing,0 days 01:04:39.491000,2022-07-29 15:49:39.499,1,,False,,False,True,84.181,84.18100000000001
17,0 days 01:07:27.995000,VER,1,0 days 00:01:24.323000,18.0,4.0,,,30.273,30.252,23.798,0 days 01:06:33.945000,0 days 01:07:04.197000,0 days 01:07:27.995000,278.0,234.0,241.0,288.0,False,MEDIUM,15.0,False,Red Bull Racing,0 days 01:06:03.672000,2022-07-29 15:51:03.680,1,,False,,False,True,84.323,84.323
18,0 days 01:08:54.357000,VER,1,0 days 00:01:26.362000,19.0,4.0,,,30.34,30.377,25.645,0 days 01:07:58.335000,0 days 01:08:28.712000,0 days 01:08:54.357000,277.0,231.0,240.0,288.0,False,MEDIUM,16.0,False,Red Bull Racing,0 days 01:07:27.995000,2022-07-29 15:52:28.003,1,,False,,False,True,86.362,86.362
19,0 days 01:10:18.578000,VER,1,0 days 00:01:24.221000,20.0,4.0,,,30.275,30.174,23.772,0 days 01:09:24.632000,0 days 01:09:54.806000,0 days 01:10:18.578000,278.0,232.0,241.0,288.0,False,MEDIUM,17.0,False,Red Bull Racing,0 days 01:08:54.357000,2022-07-29 15:53:54.365,1,,False,,False,True,84.221,84.221
20,0 days 01:11:47.608000,VER,1,0 days 00:01:29.030000,21.0,4.0,,,30.286,30.448,28.296,0 days 01:10:48.864000,0 days 01:11:19.312000,0 days 01:11:47.608000,277.0,231.0,242.0,289.0,False,MEDIUM,18.0,False,Red Bull Racing,0 days 01:10:18.578000,2022-07-29 15:55:18.586,1,,False,,False,True,89.03,89.03
21,0 days 01:13:11.977000,VER,1,0 days 00:01:24.369000,22.0,4.0,,,30.28,30.287,23.802,0 days 01:12:17.888000,0 days 01:12:48.175000,0 days 01:13:11.977000,277.0,232.0,241.0,290.0,False,MEDIUM,19.0,False,Red Bull Racing,0 days 01:11:47.608000,2022-07-29 15:56:47.616,1,,False,,False,True,84.369,84.369
22,0 days 01:14:40.031000,VER,1,0 days 00:01:28.054000,23.0,4.0,,,30.272,30.37,27.412,0 days 01:13:42.249000,0 days 01:14:12.619000,0 days 01:14:40.031000,277.0,233.0,241.0,288.0,False,MEDIUM,20.0,False,Red Bull Racing,0 days 01:13:11.977000,2022-07-29 15:58:11.985,1,,False,,False,True,88.054,88.054
23,0 days 01:16:04.597000,VER,1,0 days 00:01:24.566000,24.0,4.0,,,30.36,30.32,23.886,0 days 01:15:10.391000,0 days 01:15:40.711000,0 days 01:16:04.597000,277.0,234.0,240.0,288.0,False,MEDIUM,21.0,False,Red Bull Racing,0 days 01:14:40.031000,2022-07-29 15:59:40.039,1,,False,,False,True,84.566,84.566
24,0 days 01:18:38.792000,VER,1,,25.0,4.0,,,47.38,53.184,53.565,0 days 01:16:52.161000,0 days 01:17:45.227000,0 days 01:18:38.809000,137.0,98.0,32.0,209.0,False,MEDIUM,22.0,False,Red Bull Racing,0 days 01:16:04.597000,2022-07-29 16:01:04.605,1,,False,,False,False,,154.129
25,0 days 01:20:39.141000,VER,1,0 days 00:02:00.349000,26.0,4.0,,0 days 01:20:37.042000,51.225,35.893,33.231,0 days 01:19:30.017000,0 days 01:20:05.910000,0 days 01:20:39.141000,207.0,184.0,,241.0,False,MEDIUM,23.0,False,Red Bull Racing,0 days 01:18:38.792000,2022-07-29 16:03:38.800,1,,False,,False,False,120.349,120.34899999999999
26,0 days 00:17:15.031000,RIC,3,,1.0,1.0,0 days 00:15:23.385000,,,36.176,34.578,,0 days 00:16:40.610000,0 days 00:17:15.128000,250.0,209.0,248.0,,False,HARD,1.0,True,McLaren,0 days 00:15:23.385000,2022-07-29 15:00:23.393,1,,False,,False,False,,
27,0 days 00:18:41.175000,RIC,3,0 days 00:01:26.144000,2.0,1.0,,,30.025,31.831,24.288,0 days 00:17:45.056000,0 days 00:18:16.887000,0 days 00:18:41.175000,275.0,224.0,253.0,298.0,True,HARD,2.0,True,McLaren,0 days 00:17:15.031000,2022-07-29 15:02:15.039,1,,False,,False,True,86.144,86.14399999999999
28,0 days 00:20:02.744000,RIC,3,0 days 00:01:21.569000,3.0,1.0,,,29.275,29.193,23.101,0 days 00:19:10.450000,0 days 00:19:39.643000,0 days 00:20:02.744000,279.0,241.0,254.0,301.0,True,HARD,3.0,True,McLaren,0 days 00:18:41.175000,2022-07-29 15:03:41.183,1,,False,,False,True,81.569,81.569
29,0 days 00:22:00.148000,RIC,3,0 days 00:01:57.404000,4.0,1.0,,,38.605,48.237,30.562,0 days 00:20:41.349000,0 days 00:21:29.586000,0 days 00:22:00.148000,170.0,164.0,249.0,293.0,False,HARD,4.0,True,McLaren,0 days 00:20:02.744000,2022-07-29 15:05:02.752,1,,False,,False,True,117.404,117.404
30,0 days 00:23:41.121000,RIC,3,0 days 00:01:40.973000,5.0,1.0,,,29.628,35.683,35.662,0 days 00:22:29.776000,0 days 00:23:05.459000,0 days 00:23:41.121000,279.0,150.0,249.0,301.0,False,HARD,5.0,True,McLaren,0 days 00:22:00.148000,2022-07-29 15:07:00.156,1,,False,,False,True,100.973,100.97300000000001
31,0 days 00:25:02.936000,RIC,3,0 days 00:01:21.815000,6.0,1.0,,,29.403,29.116,23.296,0 days 00:24:10.524000,0 days 00:24:39.640000,0 days 00:25:02.936000,278.0,238.0,251.0,302.0,False,HARD,6.0,True,McLaren,0 days 00:23:41.121000,2022-07-29 15:08:41.129,1,,False,,False,True,81.815,81.815
32,0 days 00:26:48.121000,RIC,3,0 days 00:01:45.185000,7.0,1.0,,0 days 00:26:46.401000,32.384,38.099,34.702,0 days 00:25:35.320000,0 days 00:26:13.419000,0 days 00:26:48.121000,235.0,87.0,,289.0,False,HARD,7.0,True,McLaren,0 days 00:25:02.936000,2022-07-29 15:10:02.944,1,,False,,False,False,105.185,105.185
33,0 days 00:44:23.296000,RIC,3,,8.0,2.0,0 days 00:42:43.848000,,,36.585,26.107,,0 days 00:43:57.336000,0 days 00:44:23.387000,238.0,213.0,258.0,289.0,False,SOFT,1.0,True,McLaren,0 days 00:26:48.121000,2022-07-29 15:11:48.129,12,,False,,False,False,,
34,0 days 00:45:42.168000,RIC,3,0 days 00:01:18.872000,9.0,2.0,,,28.273,28.139,22.46,0 days 00:44:51.569000,0 days 00:45:19.708000,0 days 00:45:42.168000,279.0,251.0,255.0,306.0,True,SOFT,2.0,True,McLaren,0 days 00:44:23.296000,2022-07-29 15:29:23.304,1,,False,,False,True,78.872,78.872
35,0 days 00:47:36.861000,RIC,3,0 days 00:01:54.693000,10.0,2.0,,0 days 00:47:35.128000,38.218,44.513,31.962,0 days 00:46:20.386000,0 days 00:47:04.899000,0 days 00:47:36.861000,219.0,129.0,,288.0,False,SOFT,3.0,True,McLaren,0 days 00:45:42.168000,2022-07-29 15:30:42.176,1,,False,,False,False,114.693,114.693
36,0 days 00:55:59.860000,RIC,3,,11.0,3.0,0 days 00:54:26.723000,,,31.211,24.168,,0 days 00:55:35.777000,0 days 00:55:59.867000,268.0,228.0,242.0,288.0,False,HARD,8.0,False,McLaren,0 days 00:47:36.861000,2022-07-29 15:32:36.869,1,,False,,False,False,,
37,0 days 00:57:25.205000,RIC,3,0 days 00:01:25.345000,12.0,3.0,,,30.666,30.763,23.916,0 days 00:56:30.526000,0 days 00:57:01.289000,0 days 00:57:25.205000,272.0,231.0,243.0,282.0,False,HARD,9.0,False,McLaren,0 days 00:55:59.860000,2022-07-29 15:40:59.868,1,,False,,False,True,85.345,85.345
38,0 days 00:58:50.470000,RIC,3,0 days 00:01:25.265000,13.0,3.0,,,30.518,30.783,23.964,0 days 00:57:55.723000,0 days 00:58:26.506000,0 days 00:58:50.470000,274.0,232.0,242.0,285.0,False,HARD,10.0,False,McLaren,0 days 00:57:25.205000,2022-07-29 15:42:25.213,1,,False,,False,True,85.265,85.265
39,0 days 01:00:15.720000,RIC,3,0 days 00:01:25.250000,14.0,3.0,,,30.667,30.637,23.946,0 days 00:59:21.137000,0 days 00:59:51.774000,0 days 01:00:15.720000,276.0,234.0,245.0,286.0,False,HARD,11.0,False,McLaren,0 days 00:58:50.470000,2022-07-29 15:43:50.478,1,,False,,False,True,85.25,85.25
40,0 days 01:01:41.049000,RIC,3,0 days 00:01:25.329000,15.0,3.0,,,30.476,30.995,23.858,0 days 01:00:46.196000,0 days 01:01:17.191000,0 days 01:01:41.049000,275.0,233.0,246.0,287.0,False,HARD,12.0,False,McLaren,0 days 01:00:15.720000,2022-07-29 15:45:15.728,1,,False,,False,True,85.329,85.32900000000001
41,0 days 01:03:10.507000,RIC,3,0 days 00:01:29.458000,16.0,3.0,,0 days 01:03:08.728000,30.567,31.909,26.982,0 days 01:02:11.616000,0 days 01:02:43.525000,0 days 01:03:10.507000,277.0,230.0,,287.0,False,HARD,13.0,False,McLaren,0 days 01:01:41.049000,2022-07-29 15:46:41.057,1,,False,,False,False,89.458,89.458
42,0 days 01:04:55.481000,RIC,3,0 days 00:01:44.974000,17.0,4.0,0 days 01:03:30.871000,,49.805,31.361,23.808,0 days 01:04:00.312000,0 days 01:04:31.673000,0 days 01:04:55.481000,268.0,231.0,244.0,287.0,False,SOFT,4.0,False,McLaren,0 days 01:03:10.507000,2022-07-29 15:48:10.515,1,,False,,False,False,104.974,104.97399999999999
43,0 days 01:06:19.697000,RIC,3,0 days 00:01:24.216000,18.0,4.0,,,30.141,30.398,23.677,0 days 01:05:25.622000,0 days 01:05:56.020000,0 days 01:06:19.697000,276.0,232.0,244.0,284.0,False,SOFT,5.0,False,McLaren,0 days 01:04:55.481000,2022-07-29 15:49:55.489,1,,False,,False,True,84.216,84.21600000000001
44,0 days 01:07:43.493000,RIC,3,0 days 00:01:23.796000,19.0,4.0,,,30.128,30.116,23.552,0 days 01:06:49.825000,0 days 01:07:19.941000,0 days 01:07:43.493000,277.0,236.0,245.0,286.0,False,SOFT,6.0,False,McLaren,0 days 01:06:19.697000,2022-07-29 15:51:19.705,1,,False,,False,True,83.796,83.79599999999999
45,0 days 01:09:07.647000,RIC,3,0 days 00:01:24.154000,20.0,4.0,,,30.154,30.253,23.747,0 days 01:08:13.647000,0 days 01:08:43.900000,0 days 01:09:07.647000,278.0,237.0,246.0,288.0,False,SOFT,7.0,False,McLaren,0 days 01:07:43.493000,2022-07-29 15:52:43.501,1,,False,,False,True,84.154,84.154
46,0 days 01:10:32.406000,RIC,3,0 days 00:01:24.759000,21.0,4.0,,,30.253,30.566,23.94,0 days 01:09:37.900000,0 days 01:10:08.466000,0 days 01:10:32.406000,277.0,234.0,248.0,290.0,False,SOFT,8.0,False,McLaren,0 days 01:09:07.647000,2022-07-29 15:54:07.655,1,,False,,False,True,84.759,84.759
47,0 days 01:11:57.920000,RIC,3,0 days 00:01:25.514000,22.0,4.0,,,30.465,30.972,24.077,0 days 01:11:02.871000,0 days 01:11:33.843000,0 days 01:11:57.920000,277.0,233.0,250.0,302.0,False,SOFT,9.0,False,McLaren,0 days 01:10:32.406000,2022-07-29 15:55:32.414,1,,False,,False,True,85.514,85.514
48,0 days 01:13:24.476000,RIC,3,0 days 00:01:26.556000,23.0,4.0,,,31.027,31.312,24.217,0 days 01:12:28.947000,0 days 01:13:00.259000,0 days 01:13:24.476000,267.0,233.0,249.0,304.0,False,SOFT,10.0,False,McLaren,0 days 01:11:57.920000,2022-07-29 15:56:57.928,1,,False,,False,True,86.556,86.556
49,0 days 01:14:48.606000,RIC,3,0 days 00:01:24.130000,24.0,4.0,,,30.32,30.245,23.565,0 days 01:13:54.796000,0 days 01:14:25.041000,0 days 01:14:48.606000,276.0,236.0,245.0,303.0,False,SOFT,11.0,False,McLaren,0 days 01:13:24.476000,2022-07-29 15:58:24.484,1,,False,,False,True,84.13,84.13
50,0 days 01:16:12.675000,RIC,3,0 days 00:01:24.069000,25.0,4.0,,,30.247,30.169,23.653,0 days 01:15:18.853000,0 days 01:15:49.022000,0 days 01:16:12.675000,276.0,238.0,245.0,286.0,False,SOFT,12.0,False,McLaren,0 days 01:14:48.606000,2022-07-29 15:59:48.614,1,,False,,False,True,84.069,84.06899999999999
51,0 days 01:18:28.654000,RIC,3,0 days 00:02:15.979000,26.0,4.0,,,38.824,37.715,59.44,0 days 01:16:51.499000,0 days 01:17:29.214000,0 days 01:18:28.654000,176.0,191.0,136.0,279.0,False,SOFT,13.0,False,McLaren,0 days 01:16:12.675000,2022-07-29 16:01:12.683,1,,False,,False,True,135.979,135.97899999999998
52,0 days 01:20:13.019000,RIC,3,0 days 00:01:44.365000,27.0,4.0,,0 days 01:20:11.181000,37.083,37.626,29.656,0 days 01:19:05.737000,0 days 01:19:43.363000,0 days 01:20:13.019000,198.0,179.0,,267.0,False,SOFT,14.0,False,McLaren,0 days 01:18:28.654000,2022-07-29 16:03:28.662,1,,False,,False,False,104.365,104.36500000000001
53,0 days 00:18:24.541000,NOR,4,,1.0,1.0,0 days 00:16:16.189000,,,37.011,46.554,,0 days 00:17:38.170000,0 days 00:18:24.613000,243.0,211.0,250.0,,False,HARD,1.0,True,McLaren,0 days 00:16:16.189000,2022-07-29 15:01:16.197,1,,False,,False,False,,
54,0 days 00:19:46.751000,NOR,4,0 days 00:01:22.210000,2.0,1.0,,,29.863,29.29,23.057,0 days 00:18:54.404000,0 days 00:19:23.694000,0 days 00:19:46.751000,274.0,240.0,243.0,301.0,True,HARD,2.0,True,McLaren,0 days 00:18:24.541000,2022-07-29 15:03:24.549,1,,False,,False,True,82.21,82.21
55,0 days 00:21:47.209000,NOR,4,0 days 00:02:00.458000,3.0,1.0,,,44.186,46.404,29.868,0 days 00:20:30.937000,0 days 00:21:17.341000,0 days 00:21:47.209000,161.0,187.0,250.0,279.0,False,HARD,3.0,True,McLaren,0 days 00:19:46.751000,2022-07-29 15:04:46.759,1,,False,,False,True,120.458,120.458
56,0 days 00:23:08.617000,NOR,4,0 days 00:01:21.408000,4.0,1.0,,,29.385,28.979,23.044,0 days 00:22:16.594000,0 days 00:22:45.573000,0 days 00:23:08.617000,278.0,239.0,250.0,301.0,True,HARD,4.0,True,McLaren,0 days 00:21:47.209000,2022-07-29 15:06:47.217,1,,False,,False,True,81.408,81.408
57,0 days 00:25:16.175000,NOR,4,0 days 00:02:07.558000,5.0,1.0,,,47.999,51.443,28.116,0 days 00:23:56.616000,0 days 00:24:48.059000,0 days 00:25:16.175000,178.0,197.0,251.0,280.0,False,HARD,5.0,True,McLaren,0 days 00:23:08.617000,2022-07-29 15:08:08.625,1,,False,,False,True,127.558,127.558
58,0 days 00:26:37.654000,NOR,4,0 days 00:01:21.479000,6.0,1.0,,,29.295,29.069,23.115,0 days 00:25:45.470000,0 days 00:26:14.539000,0 days 00:26:37.654000,276.0,244.0,250.0,300.0,False,HARD,6.0,True,McLaren,0 days 00:25:16.175000,2022-07-29 15:10:16.183,1,,False,,False,True,81.479,81.479
59,0 days 00:28:14.311000,NOR,4,0 days 00:01:36.657000,7.0,1.0,,0 days 00:28:12.589000,34.653,33.617,28.387,0 days 00:27:12.307000,0 days 00:27:45.924000,0 days 00:28:14.311000,170.0,230.0,,281.0,False,HARD,7.0,True,McLaren,0 days 00:26:37.654000,2022-07-29 15:11:37.662,1,,False,,False,False,96.657,96.657
60,0 days 00:39:18.364000,NOR,4,,8.0,2.0,0 days 00:37:42.148000,,,34.939,25.858,,0 days 00:38:52.623000,0 days 00:39:18.443000,241.0,211.0,257.0,281.0,False,SOFT,1.0,True,McLaren,0 days 00:28:14.311000,2022-07-29 15:13:14.319,12,,False,,False,False,,
61,0 days 00:40:37.026000,NOR,4,0 days 00:01:18.662000,9.0,2.0,,,28.189,28.083,22.39,0 days 00:39:46.553000,0 days 00:40:14.636000,0 days 00:40:37.026000,278.0,244.0,253.0,306.0,True,SOFT,2.0,True,McLaren,0 days 00:39:18.364000,2022-07-29 15:24:18.372,1,,False,,False,True,78.662,78.662
62,0 days 00:42:17.814000,NOR,4,0 days 00:01:40.788000,10.0,2.0,,0 days 00:42:16.046000,36.58,36.02,28.188,0 days 00:41:13.606000,0 days 00:41:49.626000,0 days 00:42:17.814000,207.0,222.0,,280.0,False,SOFT,3.0,True,McLaren,0 days 00:40:37.026000,2022-07-29 15:25:37.034,1,,False,,False,False,100.788,100.788
63,0 days 00:52:49.696000,NOR,4,,11.0,3.0,0 days 00:51:12.379000,,,30.853,24.042,,0 days 00:52:25.798000,0 days 00:52:49.727000,264.0,233.0,241.0,280.0,False,HARD,8.0,False,McLaren,0 days 00:42:17.814000,2022-07-29 15:27:17.822,1,,False,,False,False,,
64,0 days 00:54:14.497000,NOR,4,0 days 00:01:24.801000,12.0,3.0,,,30.525,30.341,23.935,0 days 00:53:20.221000,0 days 00:53:50.562000,0 days 00:54:14.497000,270.0,233.0,241.0,280.0,False,HARD,9.0,False,McLaren,0 days 00:52:49.696000,2022-07-29 15:37:49.704,1,,False,,False,True,84.801,84.801
65,0 days 00:55:39.429000,NOR,4,0 days 00:01:24.932000,13.0,3.0,,,30.576,30.443,23.913,0 days 00:54:45.073000,0 days 00:55:15.516000,0 days 00:55:39.429000,271.0,232.0,241.0,281.0,False,HARD,10.0,False,McLaren,0 days 00:54:14.497000,2022-07-29 15:39:14.505,1,,False,,False,True,84.932,84.932
66,0 days 00:57:04.091000,NOR,4,0 days 00:01:24.662000,14.0,3.0,,,30.415,30.229,24.018,0 days 00:56:09.844000,0 days 00:56:40.073000,0 days 00:57:04.091000,272.0,233.0,241.0,283.0,False,HARD,11.0,False,McLaren,0 days 00:55:39.429000,2022-07-29 15:40:39.437,1,,False,,False,True,84.662,84.662
67,0 days 00:58:28.771000,NOR,4,0 days 00:01:24.680000,15.0,3.0,,,30.413,30.192,24.075,0 days 00:57:34.504000,0 days 00:58:04.696000,0 days 00:58:28.771000,273.0,233.0,241.0,282.0,False,HARD,12.0,False,McLaren,0 days 00:57:04.091000,2022-07-29 15:42:04.099,1,,False,,False,True,84.68,84.68
68,0 days 00:59:53.441000,NOR,4,0 days 00:01:24.670000,16.0,3.0,,,30.433,30.163,24.074,0 days 00:58:59.204000,0 days 00:59:29.367000,0 days 00:59:53.441000,275.0,234.0,241.0,284.0,False,HARD,13.0,False,McLaren,0 days 00:58:28.771000,2022-07-29 15:43:28.779,1,,False,,False,True,84.67,84.67
69,0 days 01:01:21.385000,NOR,4,0 days 00:01:27.944000,17.0,3.0,,0 days 01:01:19.642000,30.458,30.82,26.666,0 days 01:00:23.899000,0 days 01:00:54.719000,0 days 01:01:21.385000,277.0,235.0,,285.0,False,HARD,14.0,False,McLaren,0 days 00:59:53.441000,2022-07-29 15:44:53.449,1,,False,,False,False,87.944,87.944
70,0 days 01:03:03.867000,NOR,4,0 days 00:01:42.482000,18.0,4.0,0 days 01:01:41.307000,,48.82,30.048,23.614,0 days 01:02:10.205000,0 days 01:02:40.253000,0 days 01:03:03.867000,275.0,235.0,246.0,285.0,False,SOFT,4.0,False,McLaren,0 days 01:01:21.385000,2022-07-29 15:46:21.393,1,,False,,False,False,102.482,102.482
71,0 days 01:04:36.696000,NOR,4,0 days 00:01:32.829000,19.0,4.0,,,30.403,38.865,23.561,0 days 01:03:34.270000,0 days 01:04:13.135000,0 days 01:04:36.696000,224.0,236.0,243.0,299.0,False,SOFT,5.0,False,McLaren,0 days 01:03:03.867000,2022-07-29 15:48:03.875,1,,False,,False,True,92.829,92.82900000000001
72,0 days 01:05:59.946000,NOR,4,0 days 00:01:23.250000,20.0,4.0,,,30.147,29.735,23.368,0 days 01:05:06.843000,0 days 01:05:36.578000,0 days 01:05:59.946000,266.0,239.0,243.0,284.0,False,SOFT,6.0,False,McLaren,0 days 01:04:36.696000,2022-07-29 15:49:36.704,1,,False,,False,True,83.25,83.25
73,0 days 01:07:23.279000,NOR,4,0 days 00:01:23.333000,21.0,4.0,,,30.013,29.842,23.478,0 days 01:06:29.959000,0 days 01:06:59.801000,0 days 01:07:23.279000,272.0,238.0,244.0,286.0,False,SOFT,7.0,False,McLaren,0 days 01:05:59.946000,2022-07-29 15:50:59.954,1,,False,,False,True,83.333,83.333
74,0 days 01:08:47.285000,NOR,4,0 days 00:01:24.006000,22.0,4.0,,,30.157,30.139,23.71,0 days 01:07:53.436000,0 days 01:08:23.575000,0 days 01:08:47.285000,275.0,238.0,251.0,287.0,False,SOFT,8.0,False,McLaren,0 days 01:07:23.279000,2022-07-29 15:52:23.287,1,,False,,False,True,84.006,84.006
75,0 days 01:10:10.952000,NOR,4,0 days 00:01:23.667000,23.0,4.0,,,30.002,30.024,23.641,0 days 01:09:17.287000,0 days 01:09:47.311000,0 days 01:10:10.952000,272.0,238.0,243.0,306.0,False,SOFT,9.0,False,McLaren,0 days 01:08:47.285000,2022-07-29 15:53:47.293,1,,False,,False,True,83.667,83.667
76,0 days 01:11:35.519000,NOR,4,0 days 00:01:24.567000,24.0,4.0,,,30.261,30.406,23.9,0 days 01:10:41.213000,0 days 01:11:11.619000,0 days 01:11:35.519000,275.0,236.0,250.0,288.0,False,SOFT,10.0,False,McLaren,0 days 01:10:10.952000,2022-07-29 15:55:10.960,1,,False,,False,True,84.567,84.56700000000001
77,0 days 01:12:59.778000,NOR,4,0 days 00:01:24.259000,25.0,4.0,,,30.243,30.152,23.864,0 days 01:12:05.762000,0 days 01:12:35.914000,0 days 01:12:59.778000,275.0,239.0,242.0,301.0,False,SOFT,11.0,False,McLaren,0 days 01:11:35.519000,2022-07-29 15:56:35.527,1,,False,,False,True,84.259,84.259
78,0 days 01:14:25.928000,NOR,4,0 days 00:01:26.150000,26.0,4.0,,,30.441,31.157,24.552,0 days 01:13:30.219000,0 days 01:14:01.376000,0 days 01:14:25.928000,277.0,231.0,248.0,288.0,False,SOFT,12.0,False,McLaren,0 days 01:12:59.778000,2022-07-29 15:57:59.786,1,,False,,False,True,86.15,86.15
79,0 days 01:15:50.268000,NOR,4,0 days 00:01:24.340000,27.0,4.0,,,30.481,30.217,23.642,0 days 01:14:56.409000,0 days 01:15:26.626000,0 days 01:15:50.268000,275.0,238.0,242.0,298.0,False,SOFT,13.0,False,McLaren,0 days 01:14:25.928000,2022-07-29 15:59:25.936,1,,False,,False,True,84.34,84.34
80,0 days 01:18:04.601000,NOR,4,0 days 00:02:14.333000,28.0,4.0,,,33.502,36.93,63.901,0 days 01:16:23.770000,0 days 01:17:00.700000,0 days 01:18:04.601000,180.0,196.0,5.0,285.0,False,SOFT,14.0,False,McLaren,0 days 01:15:50.268000,2022-07-29 16:00:50.276,1,,False,,False,True,134.333,134.333
81,0 days 01:19:43.142000,NOR,4,0 days 00:01:38.541000,29.0,4.0,,0 days 01:19:41.366000,33.517,32.111,32.913,0 days 01:18:38.118000,0 days 01:19:10.229000,0 days 01:19:43.142000,276.0,226.0,,254.0,False,SOFT,15.0,False,McLaren,0 days 01:18:04.601000,2022-07-29 16:03:04.609,1,,False,,False,False,98.541,98.541
82,0 days 00:16:33.584000,VET,5,,1.0,1.0,0 days 00:15:01.947000,0 days 00:16:31.735000,,32.153,26.431,,0 days 00:16:07.265000,0 days 00:16:33.584000,261.0,229.0,,,False,MEDIUM,1.0,True,Aston Martin,0 days 00:15:01.947000,2022-07-29 15:00:01.955,1,,False,,False,False,,
83,0 days 00:22:16.799000,VET,5,,2.0,2.0,0 days 00:20:33.326000,,,39.035,27.825,,0 days 00:21:49.147000,0 days 00:22:16.869000,218.0,209.0,251.0,,False,MEDIUM,1.0,True,Aston Martin,0 days 00:16:33.584000,2022-07-29 15:01:33.592,1,,False,,False,False,,
84,0 days 00:23:37.538000,VET,5,0 days 00:01:20.739000,3.0,2.0,,,28.966,28.901,22.872,0 days 00:22:45.765000,0 days 00:23:14.666000,0 days 00:23:37.538000,277.0,244.0,253.0,299.0,True,MEDIUM,2.0,True,Aston Martin,0 days 00:22:16.799000,2022-07-29 15:07:16.807,1,,False,,False,True,80.739,80.739
85,0 days 00:25:58.365000,VET,5,0 days 00:02:20.827000,4.0,2.0,,,46.847,52.334,41.646,0 days 00:24:24.385000,0 days 00:25:16.719000,0 days 00:25:58.365000,118.0,170.0,251.0,248.0,False,MEDIUM,3.0,True,Aston Martin,0 days 00:23:37.538000,2022-07-29 15:08:37.546,1,,False,,False,True,140.827,140.827
86,0 days 00:27:19.233000,VET,5,0 days 00:01:20.868000,5.0,2.0,,,29.065,28.999,22.804,0 days 00:26:27.430000,0 days 00:26:56.429000,0 days 00:27:19.233000,276.0,240.0,251.0,301.0,False,MEDIUM,4.0,True,Aston Martin,0 days 00:25:58.365000,2022-07-29 15:10:58.373,1,,False,,False,True,80.868,80.868
87,0 days 00:29:28.085000,VET,5,0 days 00:02:08.852000,6.0,2.0,,0 days 00:29:26.348000,47.101,47.952,33.799,0 days 00:28:06.334000,0 days 00:28:54.286000,0 days 00:29:28.085000,166.0,152.0,,234.0,False,MEDIUM,5.0,True,Aston Martin,0 days 00:27:19.233000,2022-07-29 15:12:19.241,1,,False,,False,False,128.852,128.852
88,0 days 00:31:34.638000,VET,5,0 days 00:02:06.553000,7.0,3.0,0 days 00:29:53.370000,,59.775,38.508,28.27,0 days 00:30:27.860000,0 days 00:31:06.368000,0 days 00:31:34.638000,194.0,197.0,255.0,234.0,False,MEDIUM,6.0,False,Aston Martin,0 days 00:29:28.085000,2022-07-29 15:14:28.093,1,,False,,False,False,126.553,126.553
89,0 days 00:32:54.728000,VET,5,0 days 00:01:20.090000,8.0,3.0,,,28.744,28.662,22.684,0 days 00:32:03.382000,0 days 00:32:32.044000,0 days 00:32:54.728000,278.0,243.0,253.0,303.0,True,MEDIUM,7.0,False,Aston Martin,0 days 00:31:34.638000,2022-07-29 15:16:34.646,1,,False,,False,True,80.09,80.09
90,0 days 00:34:31.417000,VET,5,0 days 00:01:36.689000,9.0,3.0,,0 days 00:34:29.565000,33.121,33.785,29.783,0 days 00:33:27.849000,0 days 00:34:01.634000,0 days 00:34:31.417000,233.0,209.0,,289.0,False,MEDIUM,8.0,False,Aston Martin,0 days 00:32:54.728000,2022-07-29 15:17:54.736,1,,False,,False,False,96.689,96.68900000000001
91,0 days 00:40:40.691000,VET,5,,10.0,4.0,0 days 00:38:37.334000,,,45.952,39.337,,0 days 00:40:01.601000,0 days 00:40:40.785000,187.0,163.0,255.0,289.0,False,SOFT,1.0,True,Aston Martin,0 days 00:34:31.417000,2022-07-29 15:19:31.425,12,,False,,False,False,,
92,0 days 00:41:59.944000,VET,5,0 days 00:01:19.253000,11.0,4.0,,,28.476,28.347,22.43,0 days 00:41:09.167000,0 days 00:41:37.514000,0 days 00:41:59.944000,284.0,247.0,254.0,306.0,True,SOFT,2.0,True,Aston Martin,0 days 00:40:40.691000,2022-07-29 15:25:40.699,1,,False,,False,True,79.253,79.253
93,0 days 00:44:14.024000,VET,5,0 days 00:02:14.080000,12.0,4.0,,,40.747,55.01,38.323,0 days 00:42:40.691000,0 days 00:43:35.701000,0 days 00:44:14.024000,163.0,102.0,187.0,256.0,False,SOFT,3.0,True,Aston Martin,0 days 00:41:59.944000,2022-07-29 15:26:59.952,1,,False,,False,True,134.08,134.08
94,0 days 00:46:16.060000,VET,5,0 days 00:02:02.036000,13.0,4.0,,,49.72,44.439,27.877,0 days 00:45:03.744000,0 days 00:45:48.183000,0 days 00:46:16.060000,47.0,198.0,255.0,176.0,False,SOFT,4.0,True,Aston Martin,0 days 00:44:14.024000,2022-07-29 15:29:14.032,1,,False,,False,True,122.036,122.03599999999999
95,0 days 00:47:35.548000,VET,5,0 days 00:01:19.488000,14.0,4.0,,,28.476,28.438,22.574,0 days 00:46:44.536000,0 days 00:47:12.974000,0 days 00:47:35.548000,281.0,246.0,254.0,305.0,False,SOFT,5.0,True,Aston Martin,0 days 00:46:16.060000,2022-07-29 15:31:16.068,1,,False,,False,True,79.488,79.488
96,0 days 00:49:16.498000,VET,5,0 days 00:01:40.950000,15.0,4.0,,0 days 00:49:14.682000,41.23,32.828,26.892,0 days 00:48:16.778000,0 days 00:48:49.606000,0 days 00:49:16.498000,234.0,203.0,,219.0,False,SOFT,6.0,True,Aston Martin,0 days 00:47:35.548000,2022-07-29 15:32:35.556,1,,False,,False,False,100.95,100.94999999999999
97,0 days 00:56:24.945000,VET,5,,16.0,5.0,0 days 00:54:31.659000,,,32.942,24.288,,0 days 00:56:00.796000,0 days 00:56:24.963000,236.0,228.0,241.0,219.0,False,MEDIUM,9.0,False,Aston Martin,0 days 00:49:16.498000,2022-07-29 15:34:16.506,1,,False,,False,False,,
98,0 days 00:57:48.980000,VET,5,0 days 00:01:24.035000,17.0,5.0,,,30.196,30.126,23.713,0 days 00:56:55.141000,0 days 00:57:25.267000,0 days 00:57:48.980000,272.0,233.0,242.0,281.0,False,MEDIUM,10.0,False,Aston Martin,0 days 00:56:24.945000,2022-07-29 15:41:24.953,1,,False,,False,True,84.035,84.035
99,0 days 00:59:13.118000,VET,5,0 days 00:01:24.138000,18.0,5.0,,,30.117,30.142,23.879,0 days 00:58:19.097000,0 days 00:58:49.239000,0 days 00:59:13.118000,274.0,234.0,240.0,283.0,False,MEDIUM,11.0,False,Aston Martin,0 days 00:57:48.980000,2022-07-29 15:42:48.988,1,,False,,False,True,84.138,84.138
100,0 days 01:00:37.828000,VET,5,0 days 00:01:24.710000,19.0,5.0,,,30.43,30.384,23.896,0 days 00:59:43.548000,0 days 01:00:13.932000,0 days 01:00:37.828000,272.0,233.0,242.0,281.0,False,MEDIUM,12.0,False,Aston Martin,0 days 00:59:13.118000,2022-07-29 15:44:13.126,1,,False,,False,True,84.71,84.71000000000001
101,0 days 01:02:02.475000,VET,5,0 days 00:01:24.647000,20.0,5.0,,,30.281,30.441,23.925,0 days 01:01:08.109000,0 days 01:01:38.550000,0 days 01:02:02.475000,274.0,233.0,242.0,285.0,False,MEDIUM,13.0,False,Aston Martin,0 days 01:00:37.828000,2022-07-29 15:45:37.836,1,,False,,False,True,84.647,84.64699999999999
102,0 days 01:03:27.009000,VET,5,0 days 00:01:24.534000,21.0,5.0,,,30.268,30.379,23.887,0 days 01:02:32.743000,0 days 01:03:03.122000,0 days 01:03:27.009000,275.0,233.0,242.0,285.0,False,MEDIUM,14.0,False,Aston Martin,0 days 01:02:02.475000,2022-07-29 15:47:02.483,1,,False,,False,True,84.534,84.534
103,0 days 01:04:51.567000,VET,5,0 days 00:01:24.558000,22.0,5.0,,,30.195,30.411,23.952,0 days 01:03:57.204000,0 days 01:04:27.615000,0 days 01:04:51.567000,277.0,233.0,241.0,284.0,False,MEDIUM,15.0,False,Aston Martin,0 days 01:03:27.009000,2022-07-29 15:48:27.017,1,,False,,False,True,84.558,84.558
104,0 days 01:06:16.357000,VET,5,0 days 00:01:24.790000,23.0,5.0,,,30.353,30.62,23.817,0 days 01:05:21.920000,0 days 01:05:52.540000,0 days 01:06:16.357000,278.0,233.0,242.0,284.0,False,MEDIUM,16.0,False,Aston Martin,0 days 01:04:51.567000,2022-07-29 15:49:51.575,1,,False,,False,True,84.79,84.78999999999999
105,0 days 01:07:41.625000,VET,5,0 days 00:01:25.268000,24.0,5.0,,,30.33,30.762,24.176,0 days 01:06:46.687000,0 days 01:07:17.449000,0 days 01:07:41.625000,277.0,230.0,244.0,286.0,False,MEDIUM,17.0,False,Aston Martin,0 days 01:06:16.357000,2022-07-29 15:51:16.365,1,,False,,False,True,85.268,85.268
106,0 days 01:09:09.471000,VET,5,0 days 00:01:27.846000,25.0,5.0,,0 days 01:09:07.745000,30.169,30.981,26.696,0 days 01:08:11.794000,0 days 01:08:42.775000,0 days 01:09:09.471000,277.0,233.0,,297.0,False,MEDIUM,18.0,False,Aston Martin,0 days 01:07:41.625000,2022-07-29 15:52:41.633,1,,False,,False,False,87.846,87.846
107,0 days 01:11:09.999000,VET,5,0 days 00:02:00.528000,26.0,6.0,0 days 01:09:31.258000,,56.83,37.401,26.297,0 days 01:10:06.301000,0 days 01:10:43.702000,0 days 01:11:09.999000,178.0,201.0,246.0,297.0,False,SOFT,7.0,False,Aston Martin,0 days 01:09:09.471000,2022-07-29 15:54:09.479,1,,False,,False,False,120.528,120.52799999999999
108,0 days 01:12:33.323000,VET,5,0 days 00:01:23.324000,27.0,6.0,,,29.896,29.896,23.532,0 days 01:11:39.895000,0 days 01:12:09.791000,0 days 01:12:33.323000,276.0,235.0,244.0,288.0,False,SOFT,8.0,False,Aston Martin,0 days 01:11:09.999000,2022-07-29 15:56:10.007,1,,False,,False,True,83.324,83.324
109,0 days 01:14:00.639000,VET,5,0 days 00:01:27.316000,28.0,6.0,,,29.978,33.599,23.739,0 days 01:13:03.301000,0 days 01:13:36.900000,0 days 01:14:00.639000,271.0,234.0,242.0,287.0,False,SOFT,9.0,False,Aston Martin,0 days 01:12:33.323000,2022-07-29 15:57:33.331,1,,False,,False,True,87.316,87.316
110,0 days 01:15:24.110000,VET,5,0 days 00:01:23.471000,29.0,6.0,,,30.13,29.907,23.434,0 days 01:14:30.769000,0 days 01:15:00.676000,0 days 01:15:24.110000,270.0,236.0,243.0,284.0,False,SOFT,10.0,False,Aston Martin,0 days 01:14:00.639000,2022-07-29 15:59:00.647,1,,False,,False,True,83.471,83.471
111,0 days 01:17:18.797000,VET,5,0 days 00:01:54.687000,30.0,6.0,,,37.982,37.668,39.037,0 days 01:16:02.092000,0 days 01:16:39.760000,0 days 01:17:18.797000,169.0,169.0,44.0,233.0,False,SOFT,11.0,False,Aston Martin,0 days 01:15:24.110000,2022-07-29 16:00:24.118,1,,False,,False,True,114.687,114.68700000000001
112,0 days 01:19:27.021000,VET,5,0 days 00:02:08.224000,31.0,6.0,,0 days 01:19:25.240000,65.129,33.025,30.07,0 days 01:18:23.926000,0 days 01:18:56.951000,0 days 01:19:27.021000,232.0,217.0,,189.0,False,SOFT,12.0,False,Aston Martin,0 days 01:17:18.797000,2022-07-29 16:02:18.805,1,,False,,False,False,128.224,128.224
113,0 days 00:19:59.654000,LAT,6,,1.0,1.0,0 days 00:18:14.448000,,,34.385,30.616,,0 days 00:19:29.209000,0 days 00:19:59.721000,107.0,221.0,252.0,,False,SOFT,1.0,True,Williams,0 days 00:18:14.448000,2022-07-29 15:03:14.456,1,,False,,False,False,,
114,0 days 00:21:21.244000,LAT,6,0 days 00:01:21.590000,2.0,1.0,,,29.058,29.526,23.006,0 days 00:20:28.712000,0 days 00:20:58.238000,0 days 00:21:21.244000,280.0,238.0,253.0,305.0,True,SOFT,2.0,True,Williams,0 days 00:19:59.654000,2022-07-29 15:04:59.662,1,,False,,False,True,81.59,81.59
115,0 days 00:23:26.982000,LAT,6,0 days 00:02:05.738000,3.0,1.0,,0 days 00:23:24.990000,39.208,47.173,39.357,0 days 00:22:00.452000,0 days 00:22:47.625000,0 days 00:23:26.982000,229.0,192.0,,218.0,False,SOFT,3.0,True,Williams,0 days 00:21:21.244000,2022-07-29 15:06:21.252,1,,False,,False,False,125.738,125.738
116,0 days 00:25:37.435000,LAT,6,0 days 00:02:10.453000,4.0,2.0,0 days 00:23:42.990000,,53.458,40.904,36.091,0 days 00:24:20.440000,0 days 00:25:01.344000,0 days 00:25:37.435000,230.0,216.0,255.0,218.0,False,SOFT,4.0,False,Williams,0 days 00:23:26.982000,2022-07-29 15:08:26.990,1,,False,,False,False,130.453,130.453
117,0 days 00:26:58.817000,LAT,6,0 days 00:01:21.382000,5.0,2.0,,,29.062,29.236,23.084,0 days 00:26:06.497000,0 days 00:26:35.733000,0 days 00:26:58.817000,278.0,242.0,253.0,306.0,True,SOFT,5.0,False,Williams,0 days 00:25:37.435000,2022-07-29 15:10:37.443,1,,False,,False,True,81.382,81.382
118,0 days 00:28:38.791000,LAT,6,0 days 00:01:39.974000,6.0,2.0,,0 days 00:28:36.840000,32.183,36.736,31.055,0 days 00:27:31,0 days 00:28:07.736000,0 days 00:28:38.791000,277.0,216.0,,304.0,False,SOFT,6.0,False,Williams,0 days 00:26:58.817000,2022-07-29 15:11:58.825,1,,False,,False,False,99.974,99.97399999999999
119,0 days 00:37:16.977000,LAT,6,,7.0,3.0,0 days 00:35:35.413000,,,34.05,26.228,,0 days 00:36:50.986000,0 days 00:37:17.053000,265.0,225.0,256.0,304.0,False,SOFT,1.0,True,Williams,0 days 00:28:38.791000,2022-07-29 15:13:38.799,12,,False,,False,False,,
120,0 days 00:38:37.465000,LAT,6,0 days 00:01:20.488000,8.0,3.0,,,28.629,28.9,22.959,0 days 00:37:45.606000,0 days 00:38:14.506000,0 days 00:38:37.465000,285.0,245.0,254.0,309.0,True,SOFT,2.0,True,Williams,0 days 00:37:16.977000,2022-07-29 15:22:16.985,1,,False,,False,True,80.488,80.488
121,0 days 00:40:40.425000,LAT,6,0 days 00:02:02.960000,9.0,3.0,,0 days 00:40:38.651000,40.738,45.823,36.399,0 days 00:39:18.203000,0 days 00:40:04.026000,0 days 00:40:40.425000,221.0,191.0,,293.0,False,SOFT,3.0,True,Williams,0 days 00:38:37.465000,2022-07-29 15:23:37.473,1,,False,,False,False,122.96,122.96000000000001
122,0 days 00:42:47.814000,LAT,6,0 days 00:02:07.389000,10.0,4.0,0 days 00:40:55.003000,,51.618,45.15,30.621,0 days 00:41:32.043000,0 days 00:42:17.193000,0 days 00:42:47.814000,247.0,209.0,255.0,293.0,False,SOFT,4.0,False,Williams,0 days 00:40:40.425000,2022-07-29 15:25:40.433,1,,False,,False,False,127.389,127.389
123,0 days 00:44:08.560000,LAT,6,0 days 00:01:20.746000,11.0,4.0,,,28.837,28.854,23.055,0 days 00:43:16.651000,0 days 00:43:45.505000,0 days 00:44:08.560000,285.0,244.0,256.0,310.0,False,SOFT,5.0,False,Williams,0 days 00:42:47.814000,2022-07-29 15:27:47.822,1,,False,,False,True,80.746,80.74600000000001
124,0 days 00:45:40.629000,LAT,6,0 days 00:01:32.069000,12.0,4.0,,0 days 00:45:38.867000,32.298,31.993,27.778,0 days 00:44:40.858000,0 days 00:45:12.851000,0 days 00:45:40.629000,254.0,222.0,,294.0,False,SOFT,6.0,False,Williams,0 days 00:44:08.560000,2022-07-29 15:29:08.568,1,,False,,False,False,92.069,92.06899999999999
125,0 days 00:53:49.780000,LAT,6,,13.0,5.0,0 days 00:52:02.906000,0 days 00:53:47.938000,,34.647,27.867,,0 days 00:53:22.064000,0 days 00:53:49.814000,255.0,222.0,,294.0,False,SOFT,7.0,False,Williams,0 days 00:45:40.629000,2022-07-29 15:30:40.637,1,,False,,False,False,,
126,0 days 00:55:35.939000,LAT,6,0 days 00:01:46.159000,14.0,6.0,0 days 00:54:08.543000,0 days 00:55:34.170000,47.969,31.612,26.578,0 days 00:54:37.749000,0 days 00:55:09.361000,0 days 00:55:35.939000,262.0,225.0,,294.0,False,SOFT,8.0,False,Williams,0 days 00:53:49.780000,2022-07-29 15:38:49.788,1,,False,,False,False,106.159,106.159
127,0 days 00:57:20.465000,LAT,6,0 days 00:01:44.526000,15.0,7.0,0 days 00:55:56.121000,,49.267,31.085,24.174,0 days 00:56:25.206000,0 days 00:56:56.291000,0 days 00:57:20.465000,272.0,232.0,243.0,294.0,False,MEDIUM,1.0,True,Williams,0 days 00:55:35.939000,2022-07-29 15:40:35.947,1,,False,,False,False,104.526,104.52600000000001
128,0 days 00:58:45.997000,LAT,6,0 days 00:01:25.532000,16.0,7.0,,,30.386,31.02,24.126,0 days 00:57:50.851000,0 days 00:58:21.871000,0 days 00:58:45.997000,276.0,232.0,244.0,286.0,False,MEDIUM,2.0,True,Williams,0 days 00:57:20.465000,2022-07-29 15:42:20.473,1,,False,,False,True,85.532,85.532
129,0 days 01:00:11.670000,LAT,6,0 days 00:01:25.673000,17.0,7.0,,,30.456,31.127,24.09,0 days 00:59:16.453000,0 days 00:59:47.580000,0 days 01:00:11.670000,272.0,233.0,245.0,289.0,False,MEDIUM,3.0,True,Williams,0 days 00:58:45.997000,2022-07-29 15:43:46.005,1,,False,,False,True,85.673,85.673
130,0 days 01:01:37.485000,LAT,6,0 days 00:01:25.815000,18.0,7.0,,,30.53,30.969,24.316,0 days 01:00:42.200000,0 days 01:01:13.169000,0 days 01:01:37.485000,277.0,233.0,245.0,291.0,False,MEDIUM,4.0,True,Williams,0 days 01:00:11.670000,2022-07-29 15:45:11.678,1,,False,,False,True,85.815,85.815
131,0 days 01:03:03.241000,LAT,6,0 days 00:01:25.756000,19.0,7.0,,,30.593,30.98,24.183,0 days 01:02:08.078000,0 days 01:02:39.058000,0 days 01:03:03.241000,274.0,235.0,246.0,290.0,False,MEDIUM,5.0,True,Williams,0 days 01:01:37.485000,2022-07-29 15:46:37.493,1,,False,,False,True,85.756,85.756
132,0 days 01:04:29.100000,LAT,6,0 days 00:01:25.859000,20.0,7.0,,,30.573,31.001,24.285,0 days 01:03:33.814000,0 days 01:04:04.815000,0 days 01:04:29.100000,276.0,232.0,244.0,289.0,False,MEDIUM,6.0,True,Williams,0 days 01:03:03.241000,2022-07-29 15:48:03.249,1,,False,,False,True,85.859,85.859
133,0 days 01:05:55.060000,LAT,6,0 days 00:01:25.960000,21.0,7.0,,,30.597,31.173,24.19,0 days 01:04:59.697000,0 days 01:05:30.870000,0 days 01:05:55.060000,278.0,234.0,244.0,290.0,False,MEDIUM,7.0,True,Williams,0 days 01:04:29.100000,2022-07-29 15:49:29.108,1,,False,,False,True,85.96,85.96
134,0 days 01:07:20.854000,LAT,6,0 days 00:01:25.794000,22.0,7.0,,,30.623,30.985,24.186,0 days 01:06:25.683000,0 days 01:06:56.668000,0 days 01:07:20.854000,279.0,230.0,245.0,290.0,False,MEDIUM,8.0,True,Williams,0 days 01:05:55.060000,2022-07-29 15:50:55.068,1,,False,,False,True,85.794,85.79400000000001
135,0 days 01:08:46.957000,LAT,6,0 days 00:01:26.103000,23.0,7.0,,,30.627,31.258,24.218,0 days 01:07:51.481000,0 days 01:08:22.739000,0 days 01:08:46.957000,277.0,232.0,244.0,291.0,False,MEDIUM,9.0,True,Williams,0 days 01:07:20.854000,2022-07-29 15:52:20.862,1,,False,,False,True,86.103,86.103
136,0 days 01:10:13.650000,LAT,6,0 days 00:01:26.693000,24.0,7.0,,,31.035,31.336,24.322,0 days 01:09:17.992000,0 days 01:09:49.328000,0 days 01:10:13.650000,277.0,232.0,245.0,291.0,False,MEDIUM,10.0,True,Williams,0 days 01:08:46.957000,2022-07-29 15:53:46.965,1,,False,,False,True,86.693,86.693
137,0 days 01:11:39.604000,LAT,6,0 days 00:01:25.954000,25.0,7.0,,,30.662,30.953,24.339,0 days 01:10:44.312000,0 days 01:11:15.265000,0 days 01:11:39.604000,276.0,234.0,245.0,291.0,False,MEDIUM,11.0,True,Williams,0 days 01:10:13.650000,2022-07-29 15:55:13.658,1,,False,,False,True,85.954,85.954
138,0 days 01:13:05.911000,LAT,6,0 days 00:01:26.307000,26.0,7.0,,,30.707,31.263,24.337,0 days 01:12:10.311000,0 days 01:12:41.574000,0 days 01:13:05.911000,273.0,233.0,243.0,293.0,False,MEDIUM,12.0,True,Williams,0 days 01:11:39.604000,2022-07-29 15:56:39.612,1,,False,,False,True,86.307,86.307
139,0 days 01:14:32.156000,LAT,6,0 days 00:01:26.245000,27.0,7.0,,,30.751,31.035,24.459,0 days 01:13:36.662000,0 days 01:14:07.697000,0 days 01:14:32.156000,274.0,234.0,244.0,290.0,False,MEDIUM,13.0,True,Williams,0 days 01:13:05.911000,2022-07-29 15:58:05.919,1,,False,,False,True,86.245,86.245
140,0 days 01:15:58.359000,LAT,6,0 days 00:01:26.203000,28.0,7.0,,,30.648,31.308,24.247,0 days 01:15:02.804000,0 days 01:15:34.112000,0 days 01:15:58.359000,275.0,233.0,243.0,291.0,False,MEDIUM,14.0,True,Williams,0 days 01:14:32.156000,2022-07-29 15:59:32.164,1,,False,,False,True,86.203,86.203
141,0 days 01:18:18.684000,LAT,6,0 days 00:02:20.325000,29.0,7.0,,,36.615,38.665,65.045,0 days 01:16:34.974000,0 days 01:17:13.639000,0 days 01:18:18.684000,263.0,185.0,78.0,289.0,False,MEDIUM,15.0,True,Williams,0 days 01:15:58.359000,2022-07-29 16:00:58.367,1,,False,,False,True,140.325,140.325
142,0 days 01:20:17.612000,LAT,6,0 days 00:01:58.928000,30.0,7.0,,0 days 01:20:15.837000,51.158,38.107,29.663,0 days 01:19:09.842000,0 days 01:19:47.949000,0 days 01:20:17.612000,250.0,200.0,,92.0,False,MEDIUM,16.0,True,Williams,0 days 01:18:18.684000,2022-07-29 16:03:18.692,1,,False,,False,False,118.928,118.928
143,0 days 00:17:51.605000,GAS,10,,1.0,1.0,0 days 00:16:03.098000,,,43.063,30.696,,0 days 00:17:21.128000,0 days 00:17:51.670000,262.0,193.0,252.0,,False,MEDIUM,1.0,True,AlphaTauri,0 days 00:16:03.098000,2022-07-29 15:01:03.106,1,,False,,False,False,,
144,0 days 00:19:12.624000,GAS,10,0 days 00:01:21.019000,2.0,1.0,,,29.022,29.024,22.973,0 days 00:18:20.627000,0 days 00:18:49.651000,0 days 00:19:12.624000,280.0,242.0,251.0,299.0,True,MEDIUM,2.0,True,AlphaTauri,0 days 00:17:51.605000,2022-07-29 15:02:51.613,1,,False,,False,True,81.019,81.019
145,0 days 00:21:20.076000,GAS,10,0 days 00:02:07.452000,3.0,1.0,,,42.197,50.543,34.712,0 days 00:19:54.821000,0 days 00:20:45.364000,0 days 00:21:20.076000,205.0,148.0,204.0,292.0,False,MEDIUM,3.0,True,AlphaTauri,0 days 00:19:12.624000,2022-07-29 15:04:12.632,1,,False,,False,True,127.452,127.45200000000001
146,0 days 00:23:09.875000,GAS,10,0 days 00:01:49.799000,4.0,1.0,,,37.561,42.95,29.288,0 days 00:21:57.637000,0 days 00:22:40.587000,0 days 00:23:09.875000,238.0,188.0,251.0,258.0,False,MEDIUM,4.0,True,AlphaTauri,0 days 00:21:20.076000,2022-07-29 15:06:20.084,1,,False,,False,True,109.799,109.79899999999999
147,0 days 00:25:01.836000,GAS,10,0 days 00:01:51.961000,5.0,1.0,,,41.079,42.624,28.258,0 days 00:23:50.954000,0 days 00:24:33.578000,0 days 00:25:01.836000,203.0,95.0,258.0,305.0,False,MEDIUM,5.0,True,AlphaTauri,0 days 00:23:09.875000,2022-07-29 15:08:09.883,1,,False,,False,True,111.961,111.961
148,0 days 00:26:22.527000,GAS,10,0 days 00:01:20.691000,6.0,1.0,,,28.891,28.8,23.0,0 days 00:25:30.727000,0 days 00:25:59.527000,0 days 00:26:22.527000,279.0,244.0,255.0,308.0,True,MEDIUM,6.0,True,AlphaTauri,0 days 00:25:01.836000,2022-07-29 15:10:01.844,1,,False,,False,True,80.691,80.691
149,0 days 00:28:36.162000,GAS,10,0 days 00:02:13.635000,7.0,1.0,,,45.324,57.278,31.033,0 days 00:27:07.851000,0 days 00:28:05.129000,0 days 00:28:36.162000,232.0,168.0,253.0,275.0,False,MEDIUM,7.0,True,AlphaTauri,0 days 00:26:22.527000,2022-07-29 15:11:22.535,1,,False,,False,True,133.635,133.635
150,0 days 00:30:14.523000,GAS,10,0 days 00:01:38.361000,8.0,1.0,,0 days 00:30:12.669000,28.933,36.85,32.578,0 days 00:29:05.095000,0 days 00:29:41.945000,0 days 00:30:14.523000,279.0,115.0,,303.0,False,MEDIUM,8.0,True,AlphaTauri,0 days 00:28:36.162000,2022-07-29 15:13:36.170,1,,False,,False,False,98.361,98.361
151,0 days 00:44:34.990000,GAS,10,,9.0,2.0,0 days 00:42:52.877000,,,40.556,26.665,,0 days 00:44:08.478000,0 days 00:44:35.127000,266.0,190.0,253.0,303.0,False,SOFT,1.0,True,AlphaTauri,0 days 00:30:14.523000,2022-07-29 15:15:14.531,12,,False,,False,False,,
152,0 days 00:45:55.099000,GAS,10,0 days 00:01:20.109000,10.0,2.0,,,28.763,28.545,22.801,0 days 00:45:03.753000,0 days 00:45:32.298000,0 days 00:45:55.099000,279.0,242.0,250.0,301.0,True,SOFT,2.0,True,AlphaTauri,0 days 00:44:34.990000,2022-07-29 15:29:34.998,1,,False,,False,True,80.109,80.10900000000001
153,0 days 00:48:23.059000,GAS,10,0 days 00:02:27.960000,11.0,2.0,,0 days 00:48:21.319000,50.939,51.579,45.442,0 days 00:46:46.038000,0 days 00:47:37.617000,0 days 00:48:23.059000,123.0,152.0,,294.0,False,SOFT,3.0,True,AlphaTauri,0 days 00:45:55.099000,2022-07-29 15:30:55.107,1,,False,,False,False,147.96,147.96
154,0 days 00:50:36.489000,GAS,10,0 days 00:02:13.430000,12.0,3.0,0 days 00:48:37.642000,,55.043,47.75,30.637,0 days 00:49:18.102000,0 days 00:50:05.852000,0 days 00:50:36.489000,216.0,181.0,254.0,294.0,False,SOFT,4.0,False,AlphaTauri,0 days 00:48:23.059000,2022-07-29 15:33:23.067,1,,False,,False,False,133.43,133.43
155,0 days 00:51:56.219000,GAS,10,0 days 00:01:19.730000,13.0,3.0,,,28.792,28.204,22.734,0 days 00:51:05.281000,0 days 00:51:33.485000,0 days 00:51:56.219000,278.0,245.0,251.0,302.0,True,SOFT,5.0,False,AlphaTauri,0 days 00:50:36.489000,2022-07-29 15:35:36.497,1,,False,,False,True,79.73,79.73
156,0 days 00:53:35.249000,GAS,10,0 days 00:01:39.030000,14.0,3.0,,0 days 00:53:33.458000,35.125,35.988,27.917,0 days 00:52:31.344000,0 days 00:53:07.332000,0 days 00:53:35.249000,243.0,202.0,,290.0,False,SOFT,6.0,False,AlphaTauri,0 days 00:51:56.219000,2022-07-29 15:36:56.227,1,,False,,False,False,99.03,99.03
157,0 days 00:59:59.326000,GAS,10,,15.0,4.0,0 days 00:58:21.410000,,,32.583,24.335,,0 days 00:59:35.165000,0 days 00:59:59.340000,265.0,225.0,242.0,290.0,False,SOFT,7.0,False,AlphaTauri,0 days 00:53:35.249000,2022-07-29 15:38:35.257,1,,False,,False,False,,
158,0 days 01:01:23.766000,GAS,10,0 days 00:01:24.440000,16.0,4.0,,,30.101,30.408,23.931,0 days 01:00:29.427000,0 days 01:00:59.835000,0 days 01:01:23.766000,276.0,231.0,242.0,286.0,False,SOFT,8.0,False,AlphaTauri,0 days 00:59:59.326000,2022-07-29 15:44:59.334,1,,False,,False,True,84.44,84.44
159,0 days 01:02:49.038000,GAS,10,0 days 00:01:25.272000,17.0,4.0,,,30.383,30.786,24.103,0 days 01:01:54.149000,0 days 01:02:24.935000,0 days 01:02:49.038000,277.0,226.0,245.0,287.0,False,SOFT,9.0,False,AlphaTauri,0 days 01:01:23.766000,2022-07-29 15:46:23.774,1,,False,,False,True,85.272,85.27199999999999
160,0 days 01:04:15.191000,GAS,10,0 days 00:01:26.153000,18.0,4.0,,,30.265,31.592,24.296,0 days 01:03:19.303000,0 days 01:03:50.895000,0 days 01:04:15.191000,280.0,227.0,248.0,300.0,False,SOFT,10.0,False,AlphaTauri,0 days 01:02:49.038000,2022-07-29 15:47:49.046,1,,False,,False,True,86.153,86.15299999999999
161,0 days 01:05:40.090000,GAS,10,0 days 00:01:24.899000,19.0,4.0,,,29.982,30.844,24.073,0 days 01:04:45.173000,0 days 01:05:16.017000,0 days 01:05:40.090000,279.0,234.0,244.0,303.0,False,SOFT,11.0,False,AlphaTauri,0 days 01:04:15.191000,2022-07-29 15:49:15.199,1,,False,,False,True,84.899,84.899
162,0 days 01:07:05.296000,GAS,10,0 days 00:01:25.206000,20.0,4.0,,,30.477,30.82,23.909,0 days 01:06:10.567000,0 days 01:06:41.387000,0 days 01:07:05.296000,280.0,228.0,245.0,290.0,False,SOFT,12.0,False,AlphaTauri,0 days 01:05:40.090000,2022-07-29 15:50:40.098,1,,False,,False,True,85.206,85.20599999999999
163,0 days 01:08:30.361000,GAS,10,0 days 00:01:25.065000,21.0,4.0,,,30.411,30.712,23.942,0 days 01:07:35.707000,0 days 01:08:06.419000,0 days 01:08:30.361000,277.0,231.0,241.0,286.0,False,SOFT,13.0,False,AlphaTauri,0 days 01:07:05.296000,2022-07-29 15:52:05.304,1,,False,,False,True,85.065,85.065
164,0 days 01:09:56.043000,GAS,10,0 days 00:01:25.682000,22.0,4.0,,,30.587,30.922,24.173,0 days 01:09:00.948000,0 days 01:09:31.870000,0 days 01:09:56.043000,277.0,232.0,241.0,285.0,False,SOFT,14.0,False,AlphaTauri,0 days 01:08:30.361000,2022-07-29 15:53:30.369,1,,False,,False,True,85.682,85.682
165,0 days 01:11:21.741000,GAS,10,0 days 00:01:25.698000,23.0,4.0,,,30.547,30.886,24.265,0 days 01:10:26.590000,0 days 01:10:57.476000,0 days 01:11:21.741000,278.0,230.0,241.0,287.0,False,SOFT,15.0,False,AlphaTauri,0 days 01:09:56.043000,2022-07-29 15:54:56.051,1,,False,,False,True,85.698,85.69800000000001
166,0 days 01:12:50.891000,GAS,10,0 days 00:01:29.150000,24.0,4.0,,0 days 01:12:48.826000,30.63,31.437,27.083,0 days 01:11:52.371000,0 days 01:12:23.808000,0 days 01:12:50.891000,277.0,229.0,,287.0,False,SOFT,16.0,False,AlphaTauri,0 days 01:11:21.741000,2022-07-29 15:56:21.749,1,,False,,False,False,89.15,89.15
167,0 days 01:14:35.300000,GAS,10,0 days 00:01:44.409000,25.0,5.0,0 days 01:13:10.760000,,49.176,31.121,24.112,0 days 01:13:40.067000,0 days 01:14:11.188000,0 days 01:14:35.300000,274.0,230.0,241.0,287.0,False,MEDIUM,9.0,False,AlphaTauri,0 days 01:12:50.891000,2022-07-29 15:57:50.899,1,,False,,False,False,104.409,104.40899999999999
168,0 days 01:16:00.781000,GAS,10,0 days 00:01:25.481000,26.0,5.0,,,30.438,30.897,24.146,0 days 01:15:05.738000,0 days 01:15:36.635000,0 days 01:16:00.781000,277.0,231.0,239.0,285.0,False,MEDIUM,10.0,False,AlphaTauri,0 days 01:14:35.300000,2022-07-29 15:59:35.308,1,,False,,False,True,85.481,85.481
169,0 days 01:18:24.990000,GAS,10,0 days 00:02:24.209000,27.0,5.0,,,43.682,43.075,57.452,0 days 01:16:44.463000,0 days 01:17:27.538000,0 days 01:18:24.990000,166.0,151.0,112.0,247.0,False,MEDIUM,11.0,False,AlphaTauri,0 days 01:16:00.781000,2022-07-29 16:01:00.789,1,,False,,False,True,144.209,144.209
170,0 days 01:20:38.556000,GAS,10,0 days 00:02:13.566000,28.0,5.0,,0 days 01:20:36.423000,46.548,44.855,42.163,0 days 01:19:11.538000,0 days 01:19:56.393000,0 days 01:20:38.556000,163.0,137.0,,218.0,False,MEDIUM,12.0,False,AlphaTauri,0 days 01:18:24.990000,2022-07-29 16:03:24.998,1,,False,,False,False,133.566,133.56599999999997
171,0 days 00:17:01.141000,PER,11,,1.0,1.0,0 days 00:15:24.389000,,,35.519,25.637,,0 days 00:16:35.676000,0 days 00:17:01.276000,250.0,210.0,252.0,,False,MEDIUM,1.0,True,Red Bull Racing,0 days 00:15:24.389000,2022-07-29 15:00:24.397,1,,False,,False,False,,
172,0 days 00:18:21.708000,PER,11,0 days 00:01:20.567000,2.0,1.0,,,28.836,28.862,22.869,0 days 00:17:29.977000,0 days 00:17:58.839000,0 days 00:18:21.708000,280.0,243.0,251.0,302.0,True,MEDIUM,2.0,True,Red Bull Racing,0 days 00:17:01.141000,2022-07-29 15:02:01.149,1,,False,,False,True,80.567,80.567
173,0 days 00:20:28.060000,PER,11,0 days 00:02:06.352000,3.0,1.0,,,40.297,49.68,36.375,0 days 00:19:02.005000,0 days 00:19:51.685000,0 days 00:20:28.060000,138.0,150.0,252.0,246.0,False,MEDIUM,3.0,True,Red Bull Racing,0 days 00:18:21.708000,2022-07-29 15:03:21.716,1,,False,,False,True,126.352,126.352
174,0 days 00:21:48.322000,PER,11,0 days 00:01:20.262000,4.0,1.0,,,28.66,28.705,22.897,0 days 00:20:56.720000,0 days 00:21:25.425000,0 days 00:21:48.322000,282.0,235.0,254.0,306.0,True,MEDIUM,4.0,True,Red Bull Racing,0 days 00:20:28.060000,2022-07-29 15:05:28.068,1,,False,,False,True,80.262,80.262
175,0 days 00:23:44.522000,PER,11,0 days 00:01:56.200000,5.0,1.0,,0 days 00:23:42.804000,38.733,44.565,32.902,0 days 00:22:27.055000,0 days 00:23:11.620000,0 days 00:23:44.522000,220.0,199.0,,270.0,False,MEDIUM,5.0,True,Red Bull Racing,0 days 00:21:48.322000,2022-07-29 15:06:48.330,1,,False,,False,False,116.2,116.2
176,0 days 00:26:13.960000,PER,11,0 days 00:02:29.438000,6.0,2.0,0 days 00:24:08.706000,,63.179,42.487,43.772,0 days 00:24:47.701000,0 days 00:25:30.188000,0 days 00:26:13.960000,190.0,134.0,251.0,270.0,False,MEDIUM,6.0,False,Red Bull Racing,0 days 00:23:44.522000,2022-07-29 15:08:44.530,1,,False,,False,False,149.438,149.438
177,0 days 00:27:33.851000,PER,11,0 days 00:01:19.891000,7.0,2.0,,,28.66,28.495,22.736,0 days 00:26:42.620000,0 days 00:27:11.115000,0 days 00:27:33.851000,280.0,244.0,253.0,306.0,True,MEDIUM,7.0,False,Red Bull Racing,0 days 00:26:13.960000,2022-07-29 15:11:13.968,1,,False,,False,True,79.891,79.891
178,0 days 00:29:30.341000,PER,11,0 days 00:01:56.490000,8.0,2.0,,0 days 00:29:28.268000,34.524,49.011,32.955,0 days 00:28:08.375000,0 days 00:28:57.386000,0 days 00:29:30.341000,217.0,109.0,,283.0,False,MEDIUM,8.0,False,Red Bull Racing,0 days 00:27:33.851000,2022-07-29 15:12:33.859,1,,False,,False,False,116.49,116.49
179,0 days 00:42:26.529000,PER,11,,9.0,3.0,0 days 00:40:20.981000,,,46.429,31.067,,0 days 00:41:55.664000,0 days 00:42:26.627000,58.0,114.0,253.0,283.0,False,SOFT,1.0,True,Red Bull Racing,0 days 00:29:30.341000,2022-07-29 15:14:30.349,12,,False,,False,False,,
180,0 days 00:43:45.926000,PER,11,0 days 00:01:19.397000,10.0,3.0,,,28.683,28.12,22.594,0 days 00:42:55.212000,0 days 00:43:23.332000,0 days 00:43:45.926000,281.0,249.0,254.0,304.0,True,SOFT,2.0,True,Red Bull Racing,0 days 00:42:26.529000,2022-07-29 15:27:26.537,1,,False,,False,True,79.397,79.39699999999999
181,0 days 00:45:39.364000,PER,11,0 days 00:01:53.438000,11.0,3.0,,0 days 00:45:37.627000,40.751,41.63,31.057,0 days 00:44:26.677000,0 days 00:45:08.307000,0 days 00:45:39.364000,155.0,181.0,,266.0,False,SOFT,3.0,True,Red Bull Racing,0 days 00:43:45.926000,2022-07-29 15:28:45.934,1,,False,,False,False,113.438,113.438
182,0 days 00:48:00.726000,PER,11,0 days 00:02:21.362000,12.0,4.0,0 days 00:46:02.075000,,68.03,44.904,28.428,0 days 00:46:47.394000,0 days 00:47:32.298000,0 days 00:48:00.726000,150.0,144.0,252.0,266.0,False,SOFT,4.0,False,Red Bull Racing,0 days 00:45:39.364000,2022-07-29 15:30:39.372,1,,False,,False,False,141.362,141.362
183,0 days 00:49:20.196000,PER,11,0 days 00:01:19.470000,13.0,4.0,,,28.55,28.258,22.662,0 days 00:48:29.276000,0 days 00:48:57.534000,0 days 00:49:20.196000,280.0,242.0,250.0,303.0,False,SOFT,5.0,False,Red Bull Racing,0 days 00:48:00.726000,2022-07-29 15:33:00.734,1,,False,,False,True,79.47,79.47
184,0 days 00:51:04.211000,PER,11,0 days 00:01:44.015000,14.0,4.0,,0 days 00:51:02.435000,33.722,36.285,34.008,0 days 00:49:53.918000,0 days 00:50:30.203000,0 days 00:51:04.211000,225.0,117.0,,261.0,False,SOFT,6.0,False,Red Bull Racing,0 days 00:49:20.196000,2022-07-29 15:34:20.204,1,,False,,False,False,104.015,104.01500000000001
185,0 days 00:59:45.016000,PER,11,,15.0,5.0,0 days 00:57:57.785000,,,33.788,25.703,,0 days 00:59:19.512000,0 days 00:59:45.098000,243.0,208.0,238.0,261.0,False,MEDIUM,9.0,False,Red Bull Racing,0 days 00:51:04.211000,2022-07-29 15:36:04.219,1,,False,,False,False,,
186,0 days 01:01:09.574000,PER,11,0 days 00:01:24.558000,16.0,5.0,,,30.329,30.343,23.886,0 days 01:00:15.345000,0 days 01:00:45.688000,0 days 01:01:09.574000,275.0,231.0,240.0,286.0,False,MEDIUM,10.0,False,Red Bull Racing,0 days 00:59:45.016000,2022-07-29 15:44:45.024,1,,False,,False,True,84.558,84.55799999999999
187,0 days 01:02:34.152000,PER,11,0 days 00:01:24.578000,17.0,5.0,,,30.235,30.478,23.865,0 days 01:01:39.809000,0 days 01:02:10.287000,0 days 01:02:34.152000,272.0,229.0,239.0,286.0,False,MEDIUM,11.0,False,Red Bull Racing,0 days 01:01:09.574000,2022-07-29 15:46:09.582,1,,False,,False,True,84.578,84.578
188,0 days 01:03:58.542000,PER,11,0 days 00:01:24.390000,18.0,5.0,,,30.261,30.403,23.726,0 days 01:03:04.413000,0 days 01:03:34.816000,0 days 01:03:58.542000,280.0,230.0,241.0,286.0,False,MEDIUM,12.0,False,Red Bull Racing,0 days 01:02:34.152000,2022-07-29 15:47:34.160,1,,False,,False,True,84.39,84.39
189,0 days 01:05:23.119000,PER,11,0 days 00:01:24.577000,19.0,5.0,,,30.134,30.613,23.83,0 days 01:04:28.676000,0 days 01:04:59.289000,0 days 01:05:23.119000,279.0,231.0,241.0,288.0,False,MEDIUM,13.0,False,Red Bull Racing,0 days 01:03:58.542000,2022-07-29 15:48:58.550,1,,False,,False,True,84.577,84.577
190,0 days 01:06:47.846000,PER,11,0 days 00:01:24.727000,20.0,5.0,,,30.272,30.521,23.934,0 days 01:05:53.391000,0 days 01:06:23.912000,0 days 01:06:47.846000,279.0,231.0,241.0,287.0,False,MEDIUM,14.0,False,Red Bull Racing,0 days 01:05:23.119000,2022-07-29 15:50:23.127,1,,False,,False,True,84.727,84.727
191,0 days 01:08:12.818000,PER,11,0 days 00:01:24.972000,21.0,5.0,,,30.366,30.571,24.035,0 days 01:07:18.212000,0 days 01:07:48.783000,0 days 01:08:12.818000,279.0,230.0,241.0,288.0,False,MEDIUM,15.0,False,Red Bull Racing,0 days 01:06:47.846000,2022-07-29 15:51:47.854,1,,False,,False,True,84.972,84.972
192,0 days 01:09:37.592000,PER,11,0 days 00:01:24.774000,22.0,5.0,,,30.358,30.462,23.954,0 days 01:08:43.176000,0 days 01:09:13.638000,0 days 01:09:37.592000,278.0,229.0,243.0,289.0,False,MEDIUM,16.0,False,Red Bull Racing,0 days 01:08:12.818000,2022-07-29 15:53:12.826,1,,False,,False,True,84.774,84.774
193,0 days 01:11:05.229000,PER,11,0 days 00:01:27.637000,23.0,5.0,,,30.375,31.724,25.538,0 days 01:10:07.967000,0 days 01:10:39.691000,0 days 01:11:05.229000,279.0,231.0,241.0,290.0,False,MEDIUM,17.0,False,Red Bull Racing,0 days 01:09:37.592000,2022-07-29 15:54:37.600,1,,False,,False,True,87.637,87.637
194,0 days 01:12:30.492000,PER,11,0 days 00:01:25.263000,24.0,5.0,,,30.547,30.647,24.069,0 days 01:11:35.776000,0 days 01:12:06.423000,0 days 01:12:30.492000,278.0,230.0,240.0,289.0,False,MEDIUM,18.0,False,Red Bull Racing,0 days 01:11:05.229000,2022-07-29 15:56:05.237,1,,False,,False,True,85.263,85.263
195,0 days 01:13:55.308000,PER,11,0 days 00:01:24.816000,25.0,5.0,,,30.281,30.516,24.019,0 days 01:13:00.773000,0 days 01:13:31.289000,0 days 01:13:55.308000,277.0,232.0,242.0,289.0,False,MEDIUM,19.0,False,Red Bull Racing,0 days 01:12:30.492000,2022-07-29 15:57:30.500,1,,False,,False,True,84.816,84.816
196,0 days 01:15:20.468000,PER,11,0 days 00:01:25.160000,26.0,5.0,,,30.421,30.591,24.148,0 days 01:14:25.729000,0 days 01:14:56.320000,0 days 01:15:20.468000,277.0,230.0,242.0,289.0,False,MEDIUM,20.0,False,Red Bull Racing,0 days 01:13:55.308000,2022-07-29 15:58:55.316,1,,False,,False,True,85.16,85.16
197,0 days 01:17:16.765000,PER,11,0 days 00:01:56.297000,27.0,5.0,,,31.734,40.377,44.186,0 days 01:15:52.202000,0 days 01:16:32.579000,0 days 01:17:16.765000,227.0,183.0,50.0,290.0,False,MEDIUM,21.0,False,Red Bull Racing,0 days 01:15:20.468000,2022-07-29 16:00:20.476,1,,False,,False,True,116.297,116.297
198,0 days 01:19:18.882000,PER,11,0 days 00:02:02.117000,28.0,5.0,,0 days 01:19:17.113000,57.428,36.29,28.399,0 days 01:18:14.193000,0 days 01:18:50.483000,0 days 01:19:18.882000,218.0,193.0,,243.0,False,MEDIUM,22.0,False,Red Bull Racing,0 days 01:17:16.765000,2022-07-29 16:02:16.773,1,,False,,False,False,122.117,122.11699999999999
199,0 days 00:17:57.043000,ALO,14,,1.0,1.0,0 days 00:16:00.556000,,,38.507,30.886,,0 days 00:17:26.355000,0 days 00:17:57.142000,262.0,201.0,255.0,,False,MEDIUM,1.0,True,Alpine,0 days 00:16:00.556000,2022-07-29 15:01:00.564,1,,False,,False,False,,
200,0 days 00:19:17.357000,ALO,14,0 days 00:01:20.314000,2.0,1.0,,,28.914,28.582,22.818,0 days 00:18:25.957000,0 days 00:18:54.539000,0 days 00:19:17.357000,280.0,244.0,254.0,303.0,True,MEDIUM,2.0,True,Alpine,0 days 00:17:57.043000,2022-07-29 15:02:57.051,1,,False,,False,True,80.314,80.31400000000001
201,0 days 00:21:18.354000,ALO,14,0 days 00:02:00.997000,3.0,1.0,,,43.764,43.943,33.29,0 days 00:20:01.121000,0 days 00:20:45.064000,0 days 00:21:18.354000,123.0,202.0,250.0,203.0,False,MEDIUM,3.0,True,Alpine,0 days 00:19:17.357000,2022-07-29 15:04:17.365,1,,False,,False,True,120.997,120.99699999999999
202,0 days 00:22:58.497000,ALO,14,0 days 00:01:40.143000,4.0,1.0,,,29.762,40.752,29.629,0 days 00:21:48.116000,0 days 00:22:28.868000,0 days 00:22:58.497000,220.0,171.0,255.0,303.0,False,MEDIUM,4.0,True,Alpine,0 days 00:21:18.354000,2022-07-29 15:06:18.362,1,,False,,False,True,100.143,100.14300000000001
203,0 days 00:24:18.591000,ALO,14,0 days 00:01:20.094000,5.0,1.0,,,28.896,28.379,22.819,0 days 00:23:27.393000,0 days 00:23:55.772000,0 days 00:24:18.591000,281.0,246.0,253.0,303.0,True,MEDIUM,5.0,True,Alpine,0 days 00:22:58.497000,2022-07-29 15:07:58.505,1,,False,,False,True,80.094,80.09400000000001
204,0 days 00:26:26.416000,ALO,14,0 days 00:02:07.825000,6.0,1.0,,,42.31,45.786,39.729,0 days 00:25:00.901000,0 days 00:25:46.687000,0 days 00:26:26.416000,161.0,167.0,254.0,268.0,False,MEDIUM,6.0,True,Alpine,0 days 00:24:18.591000,2022-07-29 15:09:18.599,1,,False,,False,True,127.825,127.825
205,0 days 00:28:06.887000,ALO,14,0 days 00:01:40.471000,7.0,1.0,,,30.98,39.794,29.697,0 days 00:26:57.396000,0 days 00:27:37.190000,0 days 00:28:06.887000,237.0,154.0,257.0,306.0,False,MEDIUM,7.0,True,Alpine,0 days 00:26:26.416000,2022-07-29 15:11:26.424,1,,False,,False,True,100.471,100.471
206,0 days 00:29:41.996000,ALO,14,0 days 00:01:35.109000,8.0,1.0,,0 days 00:29:40.235000,28.748,33.674,32.687,0 days 00:28:35.635000,0 days 00:29:09.309000,0 days 00:29:41.996000,280.0,151.0,,304.0,False,MEDIUM,8.0,True,Alpine,0 days 00:28:06.887000,2022-07-29 15:13:06.895,1,,False,,False,False,95.109,95.109
207,0 days 00:40:14.313000,ALO,14,,9.0,2.0,0 days 00:38:31.726000,,,39.958,28.172,,0 days 00:39:46.363000,0 days 00:40:14.387000,176.0,187.0,258.0,304.0,False,SOFT,1.0,True,Alpine,0 days 00:29:41.996000,2022-07-29 15:14:42.004,12,,False,,False,False,,
208,0 days 00:41:33.362000,ALO,14,0 days 00:01:19.049000,10.0,2.0,,,28.478,27.987,22.584,0 days 00:40:42.791000,0 days 00:41:10.778000,0 days 00:41:33.362000,279.0,249.0,255.0,304.0,True,SOFT,2.0,True,Alpine,0 days 00:40:14.313000,2022-07-29 15:25:14.321,1,,False,,False,True,79.049,79.049
209,0 days 00:43:24.693000,ALO,14,0 days 00:01:51.331000,11.0,2.0,,,38.665,41.762,30.904,0 days 00:42:12.027000,0 days 00:42:53.789000,0 days 00:43:24.693000,166.0,178.0,220.0,287.0,False,SOFT,3.0,True,Alpine,0 days 00:41:33.362000,2022-07-29 15:26:33.370,1,,False,,False,True,111.331,111.33099999999999
210,0 days 00:45:11.549000,ALO,14,0 days 00:01:46.856000,12.0,2.0,,,35.24,43.491,28.125,0 days 00:43:59.933000,0 days 00:44:43.424000,0 days 00:45:11.549000,207.0,187.0,255.0,278.0,False,SOFT,4.0,True,Alpine,0 days 00:43:24.693000,2022-07-29 15:28:24.701,1,,False,,False,True,106.856,106.856
211,0 days 00:46:47.860000,ALO,14,0 days 00:01:36.311000,13.0,2.0,,,29.214,36.097,31.0,0 days 00:45:40.763000,0 days 00:46:16.860000,0 days 00:46:47.860000,246.0,173.0,256.0,304.0,False,SOFT,5.0,True,Alpine,0 days 00:45:11.549000,2022-07-29 15:30:11.557,1,,False,,False,True,96.311,96.311
212,0 days 00:48:07.620000,ALO,14,0 days 00:01:19.760000,14.0,2.0,,,28.712,28.294,22.754,0 days 00:47:16.572000,0 days 00:47:44.866000,0 days 00:48:07.620000,280.0,248.0,254.0,305.0,False,SOFT,6.0,True,Alpine,0 days 00:46:47.860000,2022-07-29 15:31:47.868,1,,False,,False,True,79.76,79.76
213,0 days 00:49:40.179000,ALO,14,0 days 00:01:32.559000,15.0,2.0,,0 days 00:49:38.429000,30.987,30.333,31.239,0 days 00:48:38.607000,0 days 00:49:08.940000,0 days 00:49:40.179000,249.0,228.0,,287.0,False,SOFT,7.0,True,Alpine,0 days 00:48:07.620000,2022-07-29 15:33:07.628,1,,False,,False,False,92.559,92.559
214,0 days 00:58:42.102000,ALO,14,,16.0,3.0,0 days 00:56:59.366000,,,30.734,23.713,,0 days 00:58:18.493000,0 days 00:58:42.126000,254.0,234.0,243.0,287.0,False,MEDIUM,9.0,False,Alpine,0 days 00:49:40.179000,2022-07-29 15:34:40.187,1,,False,,False,False,,
215,0 days 01:00:05.477000,ALO,14,0 days 00:01:23.375000,17.0,3.0,,,29.897,30.002,23.476,0 days 00:59:11.999000,0 days 00:59:42.001000,0 days 01:00:05.477000,274.0,238.0,245.0,286.0,False,MEDIUM,10.0,False,Alpine,0 days 00:58:42.102000,2022-07-29 15:43:42.110,1,,False,,False,True,83.375,83.375
216,0 days 01:01:29.365000,ALO,14,0 days 00:01:23.888000,18.0,3.0,,,30.105,30.116,23.667,0 days 01:00:35.582000,0 days 01:01:05.698000,0 days 01:01:29.365000,271.0,236.0,244.0,288.0,False,MEDIUM,11.0,False,Alpine,0 days 01:00:05.477000,2022-07-29 15:45:05.485,1,,False,,False,True,83.888,83.888
217,0 days 01:02:53.734000,ALO,14,0 days 00:01:24.369000,19.0,3.0,,,30.252,30.284,23.833,0 days 01:01:59.617000,0 days 01:02:29.901000,0 days 01:02:53.734000,272.0,236.0,243.0,288.0,False,MEDIUM,12.0,False,Alpine,0 days 01:01:29.365000,2022-07-29 15:46:29.373,1,,False,,False,True,84.369,84.369
218,0 days 01:04:18.388000,ALO,14,0 days 00:01:24.654000,20.0,3.0,,,30.396,30.335,23.923,0 days 01:03:24.130000,0 days 01:03:54.465000,0 days 01:04:18.388000,273.0,235.0,241.0,287.0,False,MEDIUM,13.0,False,Alpine,0 days 01:02:53.734000,2022-07-29 15:47:53.742,1,,False,,False,True,84.654,84.654
219,0 days 01:05:43.644000,ALO,14,0 days 00:01:25.256000,21.0,3.0,,,30.517,30.872,23.867,0 days 01:04:48.905000,0 days 01:05:19.777000,0 days 01:05:43.644000,272.0,236.0,242.0,287.0,False,MEDIUM,14.0,False,Alpine,0 days 01:04:18.388000,2022-07-29 15:49:18.396,1,,False,,False,True,85.256,85.256
220,0 days 01:07:09.142000,ALO,14,0 days 00:01:25.498000,22.0,3.0,,,30.546,30.725,24.227,0 days 01:06:14.190000,0 days 01:06:44.915000,0 days 01:07:09.142000,276.0,234.0,246.0,288.0,False,MEDIUM,15.0,False,Alpine,0 days 01:05:43.644000,2022-07-29 15:50:43.652,1,,False,,False,True,85.498,85.498
221,0 days 01:08:35.767000,ALO,14,0 days 00:01:26.625000,23.0,3.0,,,30.568,31.755,24.302,0 days 01:07:39.710000,0 days 01:08:11.465000,0 days 01:08:35.767000,262.0,233.0,245.0,301.0,False,MEDIUM,16.0,False,Alpine,0 days 01:07:09.142000,2022-07-29 15:52:09.150,1,,False,,False,True,86.625,86.625
222,0 days 01:10:02.283000,ALO,14,0 days 00:01:26.516000,24.0,3.0,,,30.853,31.343,24.32,0 days 01:09:06.620000,0 days 01:09:37.963000,0 days 01:10:02.283000,275.0,234.0,246.0,301.0,False,MEDIUM,17.0,False,Alpine,0 days 01:08:35.767000,2022-07-29 15:53:35.775,1,,False,,False,True,86.516,86.51599999999999
223,0 days 01:11:27.600000,ALO,14,0 days 00:01:25.317000,25.0,3.0,,,30.402,30.851,24.064,0 days 01:10:32.685000,0 days 01:11:03.536000,0 days 01:11:27.600000,273.0,236.0,243.0,302.0,False,MEDIUM,18.0,False,Alpine,0 days 01:10:02.283000,2022-07-29 15:55:02.291,1,,False,,False,True,85.317,85.31700000000001
224,0 days 01:12:53.136000,ALO,14,0 days 00:01:25.536000,26.0,3.0,,,30.683,30.758,24.095,0 days 01:11:58.283000,0 days 01:12:29.041000,0 days 01:12:53.136000,270.0,235.0,241.0,288.0,False,MEDIUM,19.0,False,Alpine,0 days 01:11:27.600000,2022-07-29 15:56:27.608,1,,False,,False,True,85.536,85.536
225,0 days 01:14:21.280000,ALO,14,0 days 00:01:28.144000,27.0,3.0,,0 days 01:14:19.481000,30.58,30.738,26.826,0 days 01:13:23.716000,0 days 01:13:54.454000,0 days 01:14:21.280000,271.0,235.0,,288.0,False,MEDIUM,20.0,False,Alpine,0 days 01:12:53.136000,2022-07-29 15:57:53.144,1,,False,,False,False,88.144,88.144
226,0 days 01:16:09.070000,ALO,14,0 days 00:01:47.790000,28.0,4.0,0 days 01:14:41.905000,,50.714,31.896,25.18,0 days 01:15:11.994000,0 days 01:15:43.890000,0 days 01:16:09.070000,239.0,219.0,237.0,288.0,False,SOFT,8.0,False,Alpine,0 days 01:14:21.280000,2022-07-29 15:59:21.288,1,,False,,False,False,107.79,107.78999999999999
227,0 days 01:18:19.049000,ALO,14,0 days 00:02:09.979000,29.0,4.0,,,33.938,34.784,61.257,0 days 01:16:43.008000,0 days 01:17:17.792000,0 days 01:18:19.049000,223.0,209.0,81.0,256.0,False,SOFT,9.0,False,Alpine,0 days 01:16:09.070000,2022-07-29 16:01:09.078,1,,False,,False,True,129.979,129.979
228,0 days 01:19:54.709000,ALO,14,0 days 00:01:35.660000,30.0,4.0,,0 days 01:19:52.855000,31.871,33.194,30.595,0 days 01:18:50.920000,0 days 01:19:24.114000,0 days 01:19:54.709000,277.0,218.0,,256.0,False,SOFT,10.0,False,Alpine,0 days 01:18:19.049000,2022-07-29 16:03:19.057,1,,False,,False,False,95.66,95.66
229,0 days 00:18:17.517000,LEC,16,,1.0,1.0,0 days 00:16:17.695000,,,40.725,39.901,,0 days 00:17:37.817000,0 days 00:18:17.608000,189.0,194.0,254.0,,False,MEDIUM,1.0,True,Ferrari,0 days 00:16:17.695000,2022-07-29 15:01:17.703,1,,False,,False,False,,
230,0 days 00:19:36.428000,LEC,16,0 days 00:01:18.911000,2.0,1.0,,,28.444,28.097,22.37,0 days 00:18:45.961000,0 days 00:19:14.058000,0 days 00:19:36.428000,284.0,249.0,252.0,305.0,True,MEDIUM,2.0,True,Ferrari,0 days 00:18:17.517000,2022-07-29 15:03:17.525,1,,False,,False,True,78.911,78.911
231,0 days 00:22:10.103000,LEC,16,,3.0,1.0,,,52.68,52.95,47.989,0 days 00:20:29.336000,0 days 00:21:22.243000,0 days 00:22:10.153000,91.0,67.0,251.0,291.0,False,MEDIUM,3.0,True,Ferrari,0 days 00:19:36.428000,2022-07-29 15:04:36.436,1,,False,,False,False,,153.619
232,0 days 00:23:34.725000,LEC,16,0 days 00:01:24.622000,4.0,1.0,,,28.518,28.146,27.958,0 days 00:22:38.621000,0 days 00:23:06.767000,0 days 00:23:34.725000,284.0,246.0,178.0,303.0,False,MEDIUM,4.0,True,Ferrari,0 days 00:22:10.103000,2022-07-29 15:07:10.111,1,,False,,False,True,84.622,84.622
233,0 days 00:25:51.266000,LEC,16,0 days 00:02:16.541000,5.0,1.0,,,54.544,45.998,35.999,0 days 00:24:29.269000,0 days 00:25:15.267000,0 days 00:25:51.266000,126.0,213.0,253.0,150.0,False,MEDIUM,5.0,True,Ferrari,0 days 00:23:34.725000,2022-07-29 15:08:34.733,1,,False,,False,True,136.541,136.541
234,0 days 00:27:10.202000,LEC,16,0 days 00:01:18.936000,6.0,1.0,,,28.491,27.973,22.472,0 days 00:26:19.757000,0 days 00:26:47.730000,0 days 00:27:10.202000,281.0,248.0,252.0,303.0,False,MEDIUM,6.0,True,Ferrari,0 days 00:25:51.266000,2022-07-29 15:10:51.274,1,,False,,False,True,78.936,78.936
235,0 days 00:28:50.282000,LEC,16,0 days 00:01:40.080000,7.0,1.0,,0 days 00:28:48.473000,34.021,35.866,30.193,0 days 00:27:44.223000,0 days 00:28:20.089000,0 days 00:28:50.282000,198.0,202.0,,293.0,False,MEDIUM,7.0,True,Ferrari,0 days 00:27:10.202000,2022-07-29 15:12:10.210,1,,False,,False,False,100.08,100.08
236,0 days 00:41:18.171000,LEC,16,,8.0,2.0,0 days 00:39:18.177000,,,44.888,31.306,,0 days 00:40:47.070000,0 days 00:41:18.225000,209.0,188.0,252.0,293.0,False,SOFT,1.0,True,Ferrari,0 days 00:28:50.282000,2022-07-29 15:13:50.290,12,,False,,False,False,,
237,0 days 00:42:36.616000,LEC,16,0 days 00:01:18.445000,9.0,2.0,,,28.441,27.595,22.409,0 days 00:41:46.612000,0 days 00:42:14.207000,0 days 00:42:36.616000,280.0,250.0,252.0,302.0,True,SOFT,2.0,True,Ferrari,0 days 00:41:18.171000,2022-07-29 15:26:18.179,1,,False,,False,True,78.445,78.445
238,0 days 00:44:48.479000,LEC,16,0 days 00:02:11.863000,10.0,2.0,,0 days 00:44:46.680000,46.308,47.292,38.263,0 days 00:43:22.924000,0 days 00:44:10.216000,0 days 00:44:48.479000,147.0,140.0,,291.0,False,SOFT,3.0,True,Ferrari,0 days 00:42:36.616000,2022-07-29 15:27:36.624,1,,False,,False,False,131.863,131.863
239,0 days 00:47:39.579000,LEC,16,,11.0,3.0,0 days 00:45:18.335000,,71.514,49.264,50.323,0 days 00:46:00.093000,0 days 00:46:49.393000,0 days 00:47:39.605000,172.0,81.0,252.0,291.0,False,SOFT,4.0,False,Ferrari,0 days 00:44:48.479000,2022-07-29 15:29:48.487,1,,False,,False,False,,171.101
240,0 days 00:48:58.959000,LEC,16,0 days 00:01:19.380000,12.0,3.0,,,28.565,27.633,23.182,0 days 00:48:08.144000,0 days 00:48:35.777000,0 days 00:48:58.959000,279.0,251.0,233.0,302.0,False,SOFT,5.0,False,Ferrari,0 days 00:47:39.579000,2022-07-29 15:32:39.587,1,,False,,False,True,79.38,79.38
241,0 days 00:51:01.746000,LEC,16,0 days 00:02:02.787000,13.0,3.0,,0 days 00:50:59.925000,44.048,46.372,32.367,0 days 00:49:43.007000,0 days 00:50:29.379000,0 days 00:51:01.746000,143.0,138.0,,289.0,False,SOFT,6.0,False,Ferrari,0 days 00:48:58.959000,2022-07-29 15:33:58.967,1,,False,,False,False,122.787,122.787
242,0 days 00:53:36.687000,LEC,16,,14.0,4.0,0 days 00:51:27.716000,,82.231,43.524,29.213,0 days 00:52:24.079000,0 days 00:53:07.671000,0 days 00:53:36.760000,159.0,158.0,253.0,289.0,False,SOFT,7.0,False,Ferrari,0 days 00:51:01.746000,2022-07-29 15:36:01.754,1,,False,,False,False,,154.968
243,0 days 00:54:55.346000,LEC,16,0 days 00:01:18.659000,15.0,4.0,,,28.491,27.759,22.409,0 days 00:54:05.178000,0 days 00:54:32.937000,0 days 00:54:55.346000,279.0,249.0,251.0,299.0,False,SOFT,8.0,False,Ferrari,0 days 00:53:36.687000,2022-07-29 15:38:36.695,1,,False,,False,True,78.659,78.65899999999999
244,0 days 00:56:46.154000,LEC,16,0 days 00:01:50.808000,16.0,4.0,,0 days 00:56:44.369000,35.708,37.106,37.994,0 days 00:55:31.054000,0 days 00:56:08.160000,0 days 00:56:46.154000,168.0,170.0,,286.0,False,SOFT,9.0,False,Ferrari,0 days 00:54:55.346000,2022-07-29 15:39:55.354,1,,False,,False,False,110.808,110.80799999999999
245,0 days 01:05:06.607000,LEC,16,,17.0,5.0,0 days 01:03:22.408000,,,30.495,23.929,,0 days 01:04:42.826000,0 days 01:05:06.639000,270.0,232.0,241.0,286.0,False,MEDIUM,8.0,False,Ferrari,0 days 00:56:46.154000,2022-07-29 15:41:46.162,1,,False,,False,False,,
246,0 days 01:06:30.181000,LEC,16,0 days 00:01:23.574000,18.0,5.0,,,30.061,29.929,23.584,0 days 01:05:36.668000,0 days 01:06:06.597000,0 days 01:06:30.181000,274.0,237.0,241.0,284.0,False,MEDIUM,9.0,False,Ferrari,0 days 01:05:06.607000,2022-07-29 15:50:06.615,1,,False,,False,True,83.574,83.574
247,0 days 01:07:53.733000,LEC,16,0 days 00:01:23.552000,19.0,5.0,,,30.117,29.875,23.56,0 days 01:07:00.298000,0 days 01:07:30.173000,0 days 01:07:53.733000,275.0,237.0,242.0,286.0,False,MEDIUM,10.0,False,Ferrari,0 days 01:06:30.181000,2022-07-29 15:51:30.189,1,,False,,False,True,83.552,83.552
248,0 days 01:09:17.168000,LEC,16,0 days 00:01:23.435000,20.0,5.0,,,30.129,29.783,23.523,0 days 01:08:23.862000,0 days 01:08:53.645000,0 days 01:09:17.168000,275.0,240.0,242.0,286.0,False,MEDIUM,11.0,False,Ferrari,0 days 01:07:53.733000,2022-07-29 15:52:53.741,1,,False,,False,True,83.435,83.435
249,0 days 01:10:40.568000,LEC,16,0 days 00:01:23.400000,21.0,5.0,,,30.07,29.713,23.617,0 days 01:09:47.238000,0 days 01:10:16.951000,0 days 01:10:40.568000,274.0,239.0,242.0,288.0,False,MEDIUM,12.0,False,Ferrari,0 days 01:09:17.168000,2022-07-29 15:54:17.176,1,,False,,False,True,83.4,83.4
250,0 days 01:12:08.421000,LEC,16,0 days 00:01:27.853000,22.0,5.0,,,30.178,32.383,25.292,0 days 01:11:10.746000,0 days 01:11:43.129000,0 days 01:12:08.421000,274.0,232.0,240.0,288.0,False,MEDIUM,13.0,False,Ferrari,0 days 01:10:40.568000,2022-07-29 15:55:40.576,1,,False,,False,True,87.853,87.85300000000001
251,0 days 01:13:32.139000,LEC,16,0 days 00:01:23.718000,23.0,5.0,,,30.237,29.82,23.661,0 days 01:12:38.658000,0 days 01:13:08.478000,0 days 01:13:32.139000,276.0,240.0,241.0,287.0,False,MEDIUM,14.0,False,Ferrari,0 days 01:12:08.421000,2022-07-29 15:57:08.429,1,,False,,False,True,83.718,83.718
252,0 days 01:14:56.147000,LEC,16,0 days 00:01:24.008000,24.0,5.0,,,30.274,30.06,23.674,0 days 01:14:02.413000,0 days 01:14:32.473000,0 days 01:14:56.147000,276.0,239.0,241.0,286.0,False,MEDIUM,15.0,False,Ferrari,0 days 01:13:32.139000,2022-07-29 15:58:32.147,1,,False,,False,True,84.008,84.00800000000001
253,0 days 01:16:20.348000,LEC,16,0 days 00:01:24.201000,25.0,5.0,,,30.359,30.098,23.744,0 days 01:15:26.506000,0 days 01:15:56.604000,0 days 01:16:20.348000,274.0,236.0,243.0,287.0,False,MEDIUM,16.0,False,Ferrari,0 days 01:14:56.147000,2022-07-29 15:59:56.155,1,,False,,False,True,84.201,84.201
254,0 days 01:18:41.366000,LEC,16,0 days 00:02:21.018000,26.0,5.0,,,33.257,52.368,55.393,0 days 01:16:53.605000,0 days 01:17:45.973000,0 days 01:18:41.366000,142.0,92.0,24.0,289.0,False,MEDIUM,17.0,False,Ferrari,0 days 01:16:20.348000,2022-07-29 16:01:20.356,1,,False,,False,True,141.018,141.018
255,0 days 01:20:50.009000,LEC,16,0 days 00:02:08.643000,27.0,5.0,,0 days 01:20:48.204000,51.037,45.018,32.588,0 days 01:19:32.403000,0 days 01:20:17.421000,0 days 01:20:50.009000,178.0,165.0,,248.0,False,MEDIUM,18.0,False,Ferrari,0 days 01:18:41.366000,2022-07-29 16:03:41.374,1,,False,,False,False,128.643,128.643
256,0 days 00:16:36.146000,STR,18,,1.0,1.0,0 days 00:15:03.676000,0 days 00:16:34.302000,,30.598,27.857,,0 days 00:16:08.408000,0 days 00:16:36.146000,269.0,235.0,,,False,MEDIUM,1.0,True,Aston Martin,0 days 00:15:03.676000,2022-07-29 15:00:03.684,1,,False,,False,False,,
257,0 days 00:23:25.016000,STR,18,,2.0,2.0,0 days 00:21:30.265000,,,42.603,39.518,,0 days 00:22:45.686000,0 days 00:23:25.111000,238.0,96.0,246.0,,False,MEDIUM,1.0,True,Aston Martin,0 days 00:16:36.146000,2022-07-29 15:01:36.154,1,,False,,False,False,,
258,0 days 00:24:46.259000,STR,18,0 days 00:01:21.243000,3.0,2.0,,,29.329,29.027,22.887,0 days 00:23:54.345000,0 days 00:24:23.372000,0 days 00:24:46.259000,276.0,242.0,250.0,297.0,True,MEDIUM,2.0,True,Aston Martin,0 days 00:23:25.016000,2022-07-29 15:08:25.024,1,,False,,False,True,81.243,81.243
259,0 days 00:26:57.507000,STR,18,0 days 00:02:11.248000,4.0,2.0,,,46.835,54.308,30.105,0 days 00:25:33.094000,0 days 00:26:27.402000,0 days 00:26:57.507000,162.0,72.0,252.0,290.0,False,MEDIUM,3.0,True,Aston Martin,0 days 00:24:46.259000,2022-07-29 15:09:46.267,1,,False,,False,True,131.248,131.248
260,0 days 00:28:17.961000,STR,18,0 days 00:01:20.454000,5.0,2.0,,,28.766,28.972,22.716,0 days 00:27:26.273000,0 days 00:27:55.245000,0 days 00:28:17.961000,281.0,242.0,253.0,304.0,True,MEDIUM,4.0,True,Aston Martin,0 days 00:26:57.507000,2022-07-29 15:11:57.515,1,,False,,False,True,80.454,80.45400000000001
261,0 days 00:30:41.463000,STR,18,0 days 00:02:23.502000,6.0,2.0,,,51.603,55.986,35.913,0 days 00:29:09.564000,0 days 00:30:05.550000,0 days 00:30:41.463000,173.0,150.0,165.0,292.0,False,MEDIUM,5.0,True,Aston Martin,0 days 00:28:17.961000,2022-07-29 15:13:17.969,1,,False,,False,True,143.502,143.502
262,0 days 00:32:36.244000,STR,18,0 days 00:01:54.781000,7.0,2.0,,,44.818,44.599,25.364,0 days 00:31:26.281000,0 days 00:32:10.880000,0 days 00:32:36.244000,149.0,206.0,253.0,226.0,False,MEDIUM,6.0,True,Aston Martin,0 days 00:30:41.463000,2022-07-29 15:15:41.471,1,,False,,False,True,114.781,114.781
263,0 days 00:33:56.751000,STR,18,0 days 00:01:20.507000,8.0,2.0,,,28.893,28.81,22.804,0 days 00:33:05.137000,0 days 00:33:33.947000,0 days 00:33:56.751000,276.0,242.0,250.0,300.0,False,MEDIUM,7.0,True,Aston Martin,0 days 00:32:36.244000,2022-07-29 15:17:36.252,1,,False,,False,True,80.507,80.507
264,0 days 00:35:28.973000,STR,18,0 days 00:01:32.222000,9.0,2.0,,0 days 00:35:27.212000,31.99,32.17,28.062,0 days 00:34:28.741000,0 days 00:35:00.911000,0 days 00:35:28.973000,231.0,221.0,,288.0,False,MEDIUM,8.0,True,Aston Martin,0 days 00:33:56.751000,2022-07-29 15:18:56.759,12,,False,,False,False,92.222,92.222
265,0 days 00:40:57.962000,STR,18,,10.0,3.0,0 days 00:38:59.794000,,,47.515,32.546,,0 days 00:40:25.561000,0 days 00:40:58.042000,174.0,152.0,253.0,288.0,False,SOFT,1.0,True,Aston Martin,0 days 00:35:28.973000,2022-07-29 15:20:28.981,21,,False,,False,False,,
266,0 days 00:42:17.664000,STR,18,0 days 00:01:19.702000,11.0,3.0,,,28.675,28.436,22.591,0 days 00:41:26.637000,0 days 00:41:55.073000,0 days 00:42:17.664000,281.0,244.0,253.0,305.0,True,SOFT,2.0,True,Aston Martin,0 days 00:40:57.962000,2022-07-29 15:25:57.970,1,,False,,False,True,79.702,79.702
267,0 days 00:44:39.058000,STR,18,0 days 00:02:21.394000,12.0,3.0,,,49.302,56.289,35.803,0 days 00:43:06.966000,0 days 00:44:03.255000,0 days 00:44:39.058000,130.0,150.0,217.0,277.0,False,SOFT,3.0,True,Aston Martin,0 days 00:42:17.664000,2022-07-29 15:27:17.672,1,,False,,False,True,141.394,141.394
268,0 days 00:46:52.150000,STR,18,0 days 00:02:13.092000,13.0,3.0,,,45.935,53.478,33.679,0 days 00:45:24.993000,0 days 00:46:18.471000,0 days 00:46:52.150000,121.0,197.0,256.0,251.0,False,SOFT,4.0,True,Aston Martin,0 days 00:44:39.058000,2022-07-29 15:29:39.066,1,,False,,False,True,133.092,133.092
269,0 days 00:48:12.143000,STR,18,0 days 00:01:19.993000,14.0,3.0,,,28.624,28.528,22.841,0 days 00:47:20.774000,0 days 00:47:49.302000,0 days 00:48:12.143000,280.0,242.0,254.0,308.0,False,SOFT,5.0,True,Aston Martin,0 days 00:46:52.150000,2022-07-29 15:31:52.158,1,,False,,False,True,79.993,79.993
270,0 days 00:49:44.534000,STR,18,0 days 00:01:32.391000,15.0,3.0,,0 days 00:49:42.763000,31.268,32.149,28.974,0 days 00:48:43.411000,0 days 00:49:15.560000,0 days 00:49:44.534000,230.0,226.0,,289.0,False,SOFT,6.0,True,Aston Martin,0 days 00:48:12.143000,2022-07-29 15:33:12.151,1,,False,,False,False,92.391,92.391
271,0 days 00:58:10.174000,STR,18,,16.0,4.0,0 days 00:56:27.043000,,,32.131,26.302,,0 days 00:57:44.012000,0 days 00:58:10.204000,242.0,226.0,243.0,289.0,False,SOFT,7.0,False,Aston Martin,0 days 00:49:44.534000,2022-07-29 15:34:44.542,1,,False,,False,False,,
272,0 days 00:59:33.983000,STR,18,0 days 00:01:23.809000,17.0,4.0,,,30.161,29.925,23.723,0 days 00:58:40.335000,0 days 00:59:10.260000,0 days 00:59:33.983000,273.0,234.0,240.0,283.0,False,SOFT,8.0,False,Aston Martin,0 days 00:58:10.174000,2022-07-29 15:43:10.182,1,,False,,False,True,83.809,83.809
273,0 days 01:00:58.125000,STR,18,0 days 00:01:24.142000,18.0,4.0,,,30.078,30.403,23.661,0 days 01:00:04.061000,0 days 01:00:34.464000,0 days 01:00:58.125000,274.0,232.0,242.0,284.0,False,SOFT,9.0,False,Aston Martin,0 days 00:59:33.983000,2022-07-29 15:44:33.991,1,,False,,False,True,84.142,84.142
274,0 days 01:02:22.522000,STR,18,0 days 00:01:24.397000,19.0,4.0,,,30.206,30.319,23.872,0 days 01:01:28.331000,0 days 01:01:58.650000,0 days 01:02:22.522000,268.0,233.0,241.0,286.0,False,SOFT,10.0,False,Aston Martin,0 days 01:00:58.125000,2022-07-29 15:45:58.133,1,,False,,False,True,84.397,84.39699999999999
275,0 days 01:03:52.214000,STR,18,0 days 00:01:29.692000,20.0,4.0,,,30.326,35.231,24.135,0 days 01:02:52.848000,0 days 01:03:28.079000,0 days 01:03:52.214000,274.0,227.0,241.0,286.0,False,SOFT,11.0,False,Aston Martin,0 days 01:02:22.522000,2022-07-29 15:47:22.530,1,,False,,False,True,89.692,89.69200000000001
276,0 days 01:05:16.196000,STR,18,0 days 00:01:23.982000,21.0,4.0,,,30.225,30.107,23.65,0 days 01:04:22.439000,0 days 01:04:52.546000,0 days 01:05:16.196000,270.0,233.0,241.0,284.0,False,SOFT,12.0,False,Aston Martin,0 days 01:03:52.214000,2022-07-29 15:48:52.222,1,,False,,False,True,83.982,83.982
277,0 days 01:06:40.813000,STR,18,0 days 00:01:24.617000,22.0,4.0,,,30.34,30.424,23.853,0 days 01:05:46.536000,0 days 01:06:16.960000,0 days 01:06:40.813000,275.0,232.0,241.0,284.0,False,SOFT,13.0,False,Aston Martin,0 days 01:05:16.196000,2022-07-29 15:50:16.204,1,,False,,False,True,84.617,84.61699999999999
278,0 days 01:08:05.168000,STR,18,0 days 00:01:24.355000,23.0,4.0,,,30.393,30.245,23.717,0 days 01:07:11.206000,0 days 01:07:41.451000,0 days 01:08:05.168000,273.0,234.0,241.0,283.0,False,SOFT,14.0,False,Aston Martin,0 days 01:06:40.813000,2022-07-29 15:51:40.821,1,,False,,False,True,84.355,84.355
279,0 days 01:09:29.683000,STR,18,0 days 00:01:24.515000,24.0,4.0,,,30.344,30.42,23.751,0 days 01:08:35.512000,0 days 01:09:05.932000,0 days 01:09:29.683000,274.0,231.0,240.0,283.0,False,SOFT,15.0,False,Aston Martin,0 days 01:08:05.168000,2022-07-29 15:53:05.176,1,,False,,False,True,84.515,84.515
280,0 days 01:10:53.998000,STR,18,0 days 00:01:24.315000,25.0,4.0,,,30.321,30.153,23.841,0 days 01:10:00.004000,0 days 01:10:30.157000,0 days 01:10:53.998000,275.0,233.0,240.0,284.0,False,SOFT,16.0,False,Aston Martin,0 days 01:09:29.683000,2022-07-29 15:54:29.691,1,,False,,False,True,84.315,84.315
281,0 days 01:12:18.151000,STR,18,0 days 00:01:24.153000,26.0,4.0,,,30.287,30.13,23.736,0 days 01:11:24.285000,0 days 01:11:54.415000,0 days 01:12:18.151000,273.0,234.0,241.0,284.0,False,SOFT,17.0,False,Aston Martin,0 days 01:10:53.998000,2022-07-29 15:55:54.006,1,,False,,False,True,84.153,84.153
282,0 days 01:13:48.457000,STR,18,0 days 00:01:30.306000,27.0,4.0,,0 days 01:13:46.648000,30.955,31.66,27.691,0 days 01:12:49.106000,0 days 01:13:20.766000,0 days 01:13:48.457000,271.0,231.0,,280.0,False,SOFT,18.0,False,Aston Martin,0 days 01:12:18.151000,2022-07-29 15:57:18.159,1,,False,,False,False,90.306,90.306
283,0 days 01:15:36.894000,STR,18,0 days 00:01:48.437000,28.0,5.0,0 days 01:14:09.487000,,51.545,31.847,25.045,0 days 01:14:40.002000,0 days 01:15:11.849000,0 days 01:15:36.894000,252.0,228.0,238.0,280.0,False,MEDIUM,9.0,False,Aston Martin,0 days 01:13:48.457000,2022-07-29 15:58:48.465,1,,False,,False,False,108.437,108.437
284,0 days 01:17:49.071000,STR,18,0 days 00:02:12.177000,29.0,5.0,,,34.014,35.482,62.681,0 days 01:16:10.908000,0 days 01:16:46.390000,0 days 01:17:49.071000,208.0,206.0,4.0,276.0,False,MEDIUM,10.0,False,Aston Martin,0 days 01:15:36.894000,2022-07-29 16:00:36.902,1,,False,,False,True,132.177,132.17700000000002
285,0 days 01:19:32.040000,STR,18,0 days 00:01:42.969000,30.0,5.0,,0 days 01:19:30.201000,37.292,34.764,30.913,0 days 01:18:26.363000,0 days 01:19:01.127000,0 days 01:19:32.040000,213.0,216.0,,247.0,False,MEDIUM,11.0,False,Aston Martin,0 days 01:17:49.071000,2022-07-29 16:02:49.079,1,,False,,False,False,102.969,102.96900000000001
286,0 days 00:16:41.504000,MAG,20,,1.0,1.0,0 days 00:15:05.818000,,,33.054,28.481,,0 days 00:16:13.226000,0 days 00:16:41.588000,254.0,224.0,253.0,,False,MEDIUM,1.0,True,Haas F1 Team,0 days 00:15:05.818000,2022-07-29 15:00:05.826,1,,False,,False,False,,
287,0 days 00:18:03.011000,MAG,20,0 days 00:01:21.507000,2.0,1.0,,,29.166,29.332,23.009,0 days 00:17:10.670000,0 days 00:17:40.002000,0 days 00:18:03.011000,278.0,236.0,254.0,301.0,True,MEDIUM,2.0,True,Haas F1 Team,0 days 00:16:41.504000,2022-07-29 15:01:41.512,1,,False,,False,True,81.507,81.507
288,0 days 00:20:16.353000,MAG,20,0 days 00:02:13.342000,3.0,1.0,,,42.504,57.745,33.093,0 days 00:18:45.515000,0 days 00:19:43.260000,0 days 00:20:16.353000,107.0,130.0,254.0,300.0,False,MEDIUM,3.0,True,Haas F1 Team,0 days 00:18:03.011000,2022-07-29 15:03:03.019,1,,False,,False,True,133.342,133.34199999999998
289,0 days 00:21:37.149000,MAG,20,0 days 00:01:20.796000,4.0,1.0,,,28.857,29.037,22.902,0 days 00:20:45.210000,0 days 00:21:14.247000,0 days 00:21:37.149000,279.0,244.0,249.0,306.0,True,MEDIUM,4.0,True,Haas F1 Team,0 days 00:20:16.353000,2022-07-29 15:05:16.361,1,,False,,False,True,80.796,80.79599999999999
290,0 days 00:23:36.513000,MAG,20,0 days 00:01:59.364000,5.0,1.0,,,39.408,43.423,36.533,0 days 00:22:16.557000,0 days 00:22:59.980000,0 days 00:23:36.513000,144.0,177.0,254.0,304.0,False,MEDIUM,5.0,True,Haas F1 Team,0 days 00:21:37.149000,2022-07-29 15:06:37.157,1,,False,,False,True,119.364,119.364
291,0 days 00:25:00.311000,MAG,20,0 days 00:01:23.798000,6.0,1.0,,,28.93,29.317,25.551,0 days 00:24:05.443000,0 days 00:24:34.760000,0 days 00:25:00.311000,278.0,241.0,227.0,304.0,False,MEDIUM,6.0,True,Haas F1 Team,0 days 00:23:36.513000,2022-07-29 15:08:36.521,1,,False,,False,True,83.798,83.798
292,0 days 00:27:27.833000,MAG,20,0 days 00:02:27.522000,7.0,1.0,,,43.494,63.945,40.083,0 days 00:25:43.805000,0 days 00:26:47.750000,0 days 00:27:27.833000,96.0,100.0,254.0,268.0,False,MEDIUM,7.0,True,Haas F1 Team,0 days 00:25:00.311000,2022-07-29 15:10:00.319,1,,False,,False,True,147.522,147.522
293,0 days 00:28:48.911000,MAG,20,0 days 00:01:21.078000,8.0,1.0,,,29.08,29.037,22.961,0 days 00:27:56.913000,0 days 00:28:25.950000,0 days 00:28:48.911000,277.0,241.0,254.0,306.0,False,MEDIUM,8.0,True,Haas F1 Team,0 days 00:27:27.833000,2022-07-29 15:12:27.841,1,,False,,False,True,81.078,81.078
294,0 days 00:30:24.361000,MAG,20,0 days 00:01:35.450000,9.0,1.0,,0 days 00:30:22.607000,32.934,33.557,28.959,0 days 00:29:21.845000,0 days 00:29:55.402000,0 days 00:30:24.361000,196.0,150.0,,300.0,False,MEDIUM,9.0,True,Haas F1 Team,0 days 00:28:48.911000,2022-07-29 15:13:48.919,1,,False,,False,False,95.45,95.45
295,0 days 00:41:30.603000,MAG,20,,10.0,2.0,0 days 00:39:26.946000,,,39.344,36.123,,0 days 00:40:54.697000,0 days 00:41:30.707000,244.0,157.0,253.0,300.0,False,SOFT,1.0,True,Haas F1 Team,0 days 00:30:24.361000,2022-07-29 15:15:24.369,12,,False,,False,False,,
296,0 days 00:42:50.593000,MAG,20,0 days 00:01:19.990000,11.0,2.0,,,28.612,28.573,22.805,0 days 00:41:59.215000,0 days 00:42:27.788000,0 days 00:42:50.593000,278.0,245.0,253.0,304.0,True,SOFT,2.0,True,Haas F1 Team,0 days 00:41:30.603000,2022-07-29 15:26:30.611,1,,False,,False,True,79.99,79.99000000000001
297,0 days 00:44:51.330000,MAG,20,0 days 00:02:00.737000,12.0,2.0,,,37.709,46.806,36.222,0 days 00:43:28.302000,0 days 00:44:15.108000,0 days 00:44:51.330000,175.0,173.0,181.0,292.0,False,SOFT,3.0,True,Haas F1 Team,0 days 00:42:50.593000,2022-07-29 15:27:50.601,1,,False,,False,True,120.737,120.737
298,0 days 00:47:08.610000,MAG,20,0 days 00:02:17.280000,13.0,2.0,,,50.044,54.377,32.859,0 days 00:45:41.374000,0 days 00:46:35.751000,0 days 00:47:08.610000,130.0,112.0,252.0,261.0,False,SOFT,4.0,True,Haas F1 Team,0 days 00:44:51.330000,2022-07-29 15:29:51.338,1,,False,,False,True,137.28,137.28
299,0 days 00:48:28.428000,MAG,20,0 days 00:01:19.818000,14.0,2.0,,,28.736,28.374,22.708,0 days 00:47:37.346000,0 days 00:48:05.720000,0 days 00:48:28.428000,278.0,244.0,253.0,303.0,True,SOFT,5.0,True,Haas F1 Team,0 days 00:47:08.610000,2022-07-29 15:32:08.618,1,,False,,False,True,79.818,79.818
300,0 days 00:50:04.926000,MAG,20,0 days 00:01:36.498000,15.0,2.0,,0 days 00:50:03.183000,32.648,34.783,29.067,0 days 00:49:01.076000,0 days 00:49:35.859000,0 days 00:50:04.926000,196.0,149.0,,292.0,False,SOFT,6.0,True,Haas F1 Team,0 days 00:48:28.428000,2022-07-29 15:33:28.436,1,,False,,False,False,96.498,96.49800000000002
301,0 days 01:00:10.300000,MAG,20,,16.0,3.0,0 days 00:58:25.697000,,,31.369,24.084,,0 days 00:59:46.369000,0 days 01:00:10.332000,270.0,228.0,242.0,292.0,False,MEDIUM,10.0,False,Haas F1 Team,0 days 00:50:04.926000,2022-07-29 15:35:04.934,1,,False,,False,False,,
302,0 days 01:01:35.659000,MAG,20,0 days 00:01:25.359000,17.0,3.0,,,30.35,30.941,24.068,0 days 01:00:40.650000,0 days 01:01:11.591000,0 days 01:01:35.659000,272.0,227.0,240.0,285.0,False,MEDIUM,11.0,False,Haas F1 Team,0 days 01:00:10.300000,2022-07-29 15:45:10.308,1,,False,,False,True,85.359,85.359
303,0 days 01:03:01.447000,MAG,20,0 days 00:01:25.788000,18.0,3.0,,,30.6,30.962,24.226,0 days 01:02:06.259000,0 days 01:02:37.221000,0 days 01:03:01.447000,272.0,229.0,239.0,285.0,False,MEDIUM,12.0,False,Haas F1 Team,0 days 01:01:35.659000,2022-07-29 15:46:35.667,1,,False,,False,True,85.788,85.788
304,0 days 01:04:27.130000,MAG,20,0 days 00:01:25.683000,19.0,3.0,,,30.598,30.904,24.181,0 days 01:03:32.045000,0 days 01:04:02.949000,0 days 01:04:27.130000,272.0,228.0,239.0,284.0,False,MEDIUM,13.0,False,Haas F1 Team,0 days 01:03:01.447000,2022-07-29 15:48:01.455,1,,False,,False,True,85.683,85.68299999999999
305,0 days 01:05:52.899000,MAG,20,0 days 00:01:25.769000,20.0,3.0,,,30.642,30.969,24.158,0 days 01:04:57.772000,0 days 01:05:28.741000,0 days 01:05:52.899000,272.0,229.0,240.0,285.0,False,MEDIUM,14.0,False,Haas F1 Team,0 days 01:04:27.130000,2022-07-29 15:49:27.138,1,,False,,False,True,85.769,85.769
306,0 days 01:07:18.467000,MAG,20,0 days 00:01:25.568000,21.0,3.0,,,30.634,30.81,24.124,0 days 01:06:23.533000,0 days 01:06:54.343000,0 days 01:07:18.467000,271.0,232.0,241.0,285.0,False,MEDIUM,15.0,False,Haas F1 Team,0 days 01:05:52.899000,2022-07-29 15:50:52.907,1,,False,,False,True,85.568,85.568
307,0 days 01:08:44.167000,MAG,20,0 days 00:01:25.700000,22.0,3.0,,,30.638,30.906,24.156,0 days 01:07:49.105000,0 days 01:08:20.011000,0 days 01:08:44.167000,269.0,230.0,240.0,286.0,False,MEDIUM,16.0,False,Haas F1 Team,0 days 01:07:18.467000,2022-07-29 15:52:18.475,1,,False,,False,True,85.7,85.69999999999999
308,0 days 01:10:09.648000,MAG,20,0 days 00:01:25.481000,23.0,3.0,,,30.574,30.799,24.108,0 days 01:09:14.741000,0 days 01:09:45.540000,0 days 01:10:09.648000,272.0,234.0,241.0,286.0,False,MEDIUM,17.0,False,Haas F1 Team,0 days 01:08:44.167000,2022-07-29 15:53:44.175,1,,False,,False,True,85.481,85.48100000000001
309,0 days 01:11:35.428000,MAG,20,0 days 00:01:25.780000,24.0,3.0,,,30.698,30.799,24.283,0 days 01:10:40.346000,0 days 01:11:11.145000,0 days 01:11:35.428000,271.0,233.0,241.0,286.0,False,MEDIUM,18.0,False,Haas F1 Team,0 days 01:10:09.648000,2022-07-29 15:55:09.656,1,,False,,False,True,85.78,85.78
310,0 days 01:13:02.906000,MAG,20,0 days 00:01:27.478000,25.0,3.0,,,31.341,31.529,24.608,0 days 01:12:06.769000,0 days 01:12:38.298000,0 days 01:13:02.906000,273.0,224.0,239.0,287.0,False,MEDIUM,19.0,False,Haas F1 Team,0 days 01:11:35.428000,2022-07-29 15:56:35.436,1,,False,,False,True,87.478,87.47800000000001
311,0 days 01:14:29.565000,MAG,20,0 days 00:01:26.659000,26.0,3.0,,,30.783,31.415,24.461,0 days 01:13:33.689000,0 days 01:14:05.104000,0 days 01:14:29.565000,270.0,226.0,240.0,286.0,False,MEDIUM,20.0,False,Haas F1 Team,0 days 01:13:02.906000,2022-07-29 15:58:02.914,1,,False,,False,True,86.659,86.65899999999999
312,0 days 01:15:56.054000,MAG,20,0 days 00:01:26.489000,27.0,3.0,,,30.872,31.209,24.408,0 days 01:15:00.437000,0 days 01:15:31.646000,0 days 01:15:56.054000,272.0,231.0,241.0,287.0,False,MEDIUM,21.0,False,Haas F1 Team,0 days 01:14:29.565000,2022-07-29 15:59:29.573,1,,False,,False,True,86.489,86.489
313,0 days 01:18:05.800000,MAG,20,0 days 00:02:09.746000,28.0,3.0,,,30.977,40.606,58.163,0 days 01:16:27.031000,0 days 01:17:07.637000,0 days 01:18:05.800000,273.0,147.0,64.0,287.0,False,MEDIUM,22.0,False,Haas F1 Team,0 days 01:15:56.054000,2022-07-29 16:00:56.062,1,,False,,False,True,129.746,129.74599999999998
314,0 days 01:20:04.357000,MAG,20,0 days 00:01:58.557000,29.0,3.0,,0 days 01:20:02.552000,32.825,54.5,31.232,0 days 01:18:38.625000,0 days 01:19:33.125000,0 days 01:20:04.357000,257.0,107.0,,262.0,False,MEDIUM,23.0,False,Haas F1 Team,0 days 01:18:05.800000,2022-07-29 16:03:05.808,1,,False,,False,False,118.557,118.557
315,0 days 00:17:45.458000,TSU,22,,1.0,1.0,0 days 00:15:56.433000,,,43.19,27.708,,0 days 00:17:17.950000,0 days 00:17:45.560000,257.0,179.0,253.0,,False,MEDIUM,1.0,True,AlphaTauri,0 days 00:15:56.433000,2022-07-29 15:00:56.441,1,,False,,False,False,,
316,0 days 00:19:07.066000,TSU,22,0 days 00:01:21.608000,2.0,1.0,,,29.209,29.309,23.09,0 days 00:18:14.667000,0 days 00:18:43.976000,0 days 00:19:07.066000,280.0,242.0,252.0,299.0,True,MEDIUM,2.0,True,AlphaTauri,0 days 00:17:45.458000,2022-07-29 15:02:45.466,1,,False,,False,True,81.608,81.608
317,0 days 00:21:16.488000,TSU,22,0 days 00:02:09.422000,3.0,1.0,,,43.486,49.215,36.721,0 days 00:19:50.552000,0 days 00:20:39.767000,0 days 00:21:16.488000,139.0,148.0,179.0,290.0,False,MEDIUM,3.0,True,AlphaTauri,0 days 00:19:07.066000,2022-07-29 15:04:07.074,1,,False,,False,True,129.422,129.422
318,0 days 00:23:15.610000,TSU,22,0 days 00:01:59.122000,4.0,1.0,,,42.888,42.773,33.461,0 days 00:21:59.376000,0 days 00:22:42.149000,0 days 00:23:15.610000,213.0,182.0,252.0,187.0,False,MEDIUM,4.0,True,AlphaTauri,0 days 00:21:16.488000,2022-07-29 15:06:16.496,1,,False,,False,True,119.122,119.122
319,0 days 00:24:36.641000,TSU,22,0 days 00:01:21.031000,5.0,1.0,,,29.015,28.964,23.052,0 days 00:23:44.625000,0 days 00:24:13.589000,0 days 00:24:36.641000,281.0,242.0,251.0,303.0,True,MEDIUM,5.0,True,AlphaTauri,0 days 00:23:15.610000,2022-07-29 15:08:15.618,1,,False,,False,True,81.031,81.031
320,0 days 00:26:40.816000,TSU,22,0 days 00:02:04.175000,6.0,1.0,,,42.548,48.09,33.537,0 days 00:25:19.189000,0 days 00:26:07.279000,0 days 00:26:40.816000,146.0,175.0,205.0,289.0,False,MEDIUM,6.0,True,AlphaTauri,0 days 00:24:36.641000,2022-07-29 15:09:36.649,1,,False,,False,True,124.175,124.17500000000001
321,0 days 00:28:45.696000,TSU,22,0 days 00:02:04.880000,7.0,1.0,,,46.713,46.05,32.117,0 days 00:27:27.529000,0 days 00:28:13.579000,0 days 00:28:45.696000,130.0,198.0,257.0,259.0,False,MEDIUM,7.0,True,AlphaTauri,0 days 00:26:40.816000,2022-07-29 15:11:40.824,1,,False,,False,True,124.88,124.88
322,0 days 00:30:06.463000,TSU,22,0 days 00:01:20.767000,8.0,1.0,,,28.832,28.979,22.956,0 days 00:29:14.528000,0 days 00:29:43.507000,0 days 00:30:06.463000,282.0,241.0,255.0,306.0,True,MEDIUM,8.0,True,AlphaTauri,0 days 00:28:45.696000,2022-07-29 15:13:45.704,1,,False,,False,True,80.767,80.767
323,0 days 00:31:45.371000,TSU,22,0 days 00:01:38.908000,9.0,1.0,,0 days 00:31:43.634000,33.733,36.477,28.698,0 days 00:30:40.196000,0 days 00:31:16.673000,0 days 00:31:45.371000,221.0,214.0,,291.0,False,MEDIUM,9.0,True,AlphaTauri,0 days 00:30:06.463000,2022-07-29 15:15:06.471,1,,False,,False,False,98.908,98.90799999999999
324,0 days 00:41:24.842000,TSU,22,,10.0,2.0,0 days 00:39:23.836000,,,48.732,33.108,,0 days 00:40:51.887000,0 days 00:41:24.949000,246.0,195.0,240.0,291.0,False,SOFT,1.0,True,AlphaTauri,0 days 00:31:45.371000,2022-07-29 15:16:45.379,12,,False,,False,False,,
325,0 days 00:43:30.047000,TSU,22,0 days 00:02:05.205000,11.0,2.0,,,44.204,48.64,32.361,0 days 00:42:09.046000,0 days 00:42:57.686000,0 days 00:43:30.047000,151.0,172.0,250.0,295.0,False,SOFT,2.0,True,AlphaTauri,0 days 00:41:24.842000,2022-07-29 15:26:24.850,1,,False,,False,True,125.205,125.20499999999998
326,0 days 00:44:50.568000,TSU,22,0 days 00:01:20.521000,12.0,2.0,,,29.147,28.452,22.922,0 days 00:43:59.194000,0 days 00:44:27.646000,0 days 00:44:50.568000,278.0,243.0,252.0,300.0,True,SOFT,3.0,True,AlphaTauri,0 days 00:43:30.047000,2022-07-29 15:28:30.055,1,,False,,False,True,80.521,80.521
327,0 days 00:47:01.635000,TSU,22,0 days 00:02:11.067000,13.0,2.0,,,44.808,50.269,35.99,0 days 00:45:35.376000,0 days 00:46:25.645000,0 days 00:47:01.635000,132.0,130.0,187.0,270.0,False,SOFT,4.0,True,AlphaTauri,0 days 00:44:50.568000,2022-07-29 15:29:50.576,1,,False,,False,True,131.067,131.067
328,0 days 00:49:03.687000,TSU,22,0 days 00:02:02.052000,14.0,2.0,,,45.324,44.576,32.152,0 days 00:47:46.959000,0 days 00:48:31.535000,0 days 00:49:03.687000,166.0,210.0,250.0,259.0,False,SOFT,5.0,True,AlphaTauri,0 days 00:47:01.635000,2022-07-29 15:32:01.643,1,,False,,False,True,122.052,122.052
329,0 days 00:50:35.416000,TSU,22,0 days 00:01:31.729000,15.0,2.0,,0 days 00:50:33.531000,29.013,28.695,34.021,0 days 00:49:32.700000,0 days 00:50:01.395000,0 days 00:50:35.416000,281.0,241.0,,303.0,False,SOFT,6.0,True,AlphaTauri,0 days 00:49:03.687000,2022-07-29 15:34:03.695,1,,False,,False,False,91.729,91.729
330,0 days 00:57:44.072000,TSU,22,,16.0,3.0,0 days 00:56:05.291000,,,32.424,24.067,,0 days 00:57:20.141000,0 days 00:57:44.084000,241.0,231.0,241.0,303.0,False,MEDIUM,10.0,False,AlphaTauri,0 days 00:50:35.416000,2022-07-29 15:35:35.424,1,,False,,False,False,,
331,0 days 00:59:08.964000,TSU,22,0 days 00:01:24.892000,17.0,3.0,,,30.347,30.49,24.055,0 days 00:58:14.419000,0 days 00:58:44.909000,0 days 00:59:08.964000,274.0,232.0,241.0,283.0,False,MEDIUM,11.0,False,AlphaTauri,0 days 00:57:44.072000,2022-07-29 15:42:44.080,1,,False,,False,True,84.892,84.892
332,0 days 01:00:33.745000,TSU,22,0 days 00:01:24.781000,18.0,3.0,,,30.278,30.452,24.051,0 days 00:59:39.242000,0 days 01:00:09.694000,0 days 01:00:33.745000,277.0,233.0,244.0,284.0,False,MEDIUM,12.0,False,AlphaTauri,0 days 00:59:08.964000,2022-07-29 15:44:08.972,1,,False,,False,True,84.781,84.781
333,0 days 01:01:58.954000,TSU,22,0 days 00:01:25.209000,19.0,3.0,,,30.37,30.782,24.057,0 days 01:01:04.115000,0 days 01:01:34.897000,0 days 01:01:58.954000,277.0,231.0,243.0,287.0,False,MEDIUM,13.0,False,AlphaTauri,0 days 01:00:33.745000,2022-07-29 15:45:33.753,1,,False,,False,True,85.209,85.209
334,0 days 01:03:24.165000,TSU,22,0 days 00:01:25.211000,20.0,3.0,,,30.447,30.629,24.135,0 days 01:02:29.401000,0 days 01:03:00.030000,0 days 01:03:24.165000,277.0,231.0,242.0,287.0,False,MEDIUM,14.0,False,AlphaTauri,0 days 01:01:58.954000,2022-07-29 15:46:58.962,1,,False,,False,True,85.211,85.211
335,0 days 01:04:49.858000,TSU,22,0 days 00:01:25.693000,21.0,3.0,,,30.715,30.803,24.175,0 days 01:03:54.880000,0 days 01:04:25.683000,0 days 01:04:49.858000,276.0,230.0,242.0,285.0,False,MEDIUM,15.0,False,AlphaTauri,0 days 01:03:24.165000,2022-07-29 15:48:24.173,1,,False,,False,True,85.693,85.693
336,0 days 01:06:15.123000,TSU,22,0 days 00:01:25.265000,22.0,3.0,,,30.43,30.83,24.005,0 days 01:05:20.288000,0 days 01:05:51.118000,0 days 01:06:15.123000,279.0,232.0,245.0,286.0,False,MEDIUM,16.0,False,AlphaTauri,0 days 01:04:49.858000,2022-07-29 15:49:49.866,1,,False,,False,True,85.265,85.265
337,0 days 01:07:40.728000,TSU,22,0 days 00:01:25.605000,23.0,3.0,,,30.51,30.895,24.2,0 days 01:06:45.633000,0 days 01:07:16.528000,0 days 01:07:40.728000,279.0,232.0,244.0,288.0,False,MEDIUM,17.0,False,AlphaTauri,0 days 01:06:15.123000,2022-07-29 15:51:15.131,1,,False,,False,True,85.605,85.605
338,0 days 01:09:06.297000,TSU,22,0 days 00:01:25.569000,24.0,3.0,,,30.517,30.912,24.14,0 days 01:08:11.245000,0 days 01:08:42.157000,0 days 01:09:06.297000,278.0,233.0,244.0,287.0,False,MEDIUM,18.0,False,AlphaTauri,0 days 01:07:40.728000,2022-07-29 15:52:40.736,1,,False,,False,True,85.569,85.569
339,0 days 01:10:31.870000,TSU,22,0 days 00:01:25.573000,25.0,3.0,,,30.533,30.855,24.185,0 days 01:09:36.830000,0 days 01:10:07.685000,0 days 01:10:31.870000,278.0,232.0,245.0,290.0,False,MEDIUM,19.0,False,AlphaTauri,0 days 01:09:06.297000,2022-07-29 15:54:06.305,1,,False,,False,True,85.573,85.57300000000001
340,0 days 01:11:57.583000,TSU,22,0 days 00:01:25.713000,26.0,3.0,,,30.491,30.929,24.293,0 days 01:11:02.361000,0 days 01:11:33.290000,0 days 01:11:57.583000,277.0,232.0,241.0,288.0,False,MEDIUM,20.0,False,AlphaTauri,0 days 01:10:31.870000,2022-07-29 15:55:31.878,1,,False,,False,True,85.713,85.713
341,0 days 01:13:24.135000,TSU,22,0 days 00:01:26.552000,27.0,3.0,,,31.087,31.156,24.309,0 days 01:12:28.670000,0 days 01:12:59.826000,0 days 01:13:24.135000,276.0,231.0,240.0,287.0,False,MEDIUM,21.0,False,AlphaTauri,0 days 01:11:57.583000,2022-07-29 15:56:57.591,1,,False,,False,True,86.552,86.55199999999999
342,0 days 01:14:51.323000,TSU,22,0 days 00:01:27.188000,28.0,3.0,,,31.576,31.371,24.241,0 days 01:13:55.711000,0 days 01:14:27.082000,0 days 01:14:51.323000,279.0,232.0,243.0,285.0,False,MEDIUM,22.0,False,AlphaTauri,0 days 01:13:24.135000,2022-07-29 15:58:24.143,1,,False,,False,True,87.188,87.188
343,0 days 01:16:17.288000,TSU,22,0 days 00:01:25.965000,29.0,3.0,,,30.693,31.088,24.184,0 days 01:15:22.016000,0 days 01:15:53.104000,0 days 01:16:17.288000,279.0,233.0,242.0,287.0,False,MEDIUM,23.0,False,AlphaTauri,0 days 01:14:51.323000,2022-07-29 15:59:51.331,1,,False,,False,True,85.965,85.965
344,0 days 01:18:21.107000,TSU,22,0 days 00:02:03.819000,30.0,3.0,,,36.943,38.383,48.493,0 days 01:16:54.231000,0 days 01:17:32.614000,0 days 01:18:21.107000,165.0,206.0,144.0,286.0,False,MEDIUM,24.0,False,AlphaTauri,0 days 01:16:17.288000,2022-07-29 16:01:17.296,1,,False,,False,True,123.819,123.81899999999999
345,0 days 01:19:56.594000,TSU,22,0 days 00:01:35.487000,31.0,3.0,,0 days 01:19:54.774000,33.389,34.247,27.851,0 days 01:18:54.496000,0 days 01:19:28.743000,0 days 01:19:56.594000,260.0,225.0,,265.0,False,MEDIUM,25.0,False,AlphaTauri,0 days 01:18:21.107000,2022-07-29 16:03:21.115,1,,False,,False,False,95.487,95.487
346,0 days 00:18:09.782000,ALB,23,,1.0,1.0,0 days 00:16:19.796000,,,41.76,34.262,,0 days 00:17:35.766000,0 days 00:18:09.870000,213.0,179.0,255.0,,False,SOFT,1.0,True,Williams,0 days 00:16:19.796000,2022-07-29 15:01:19.804,1,,False,,False,False,,
347,0 days 00:19:30.452000,ALB,23,0 days 00:01:20.670000,2.0,1.0,,,28.96,28.939,22.771,0 days 00:18:38.742000,0 days 00:19:07.681000,0 days 00:19:30.452000,283.0,244.0,255.0,310.0,True,SOFT,2.0,True,Williams,0 days 00:18:09.782000,2022-07-29 15:03:09.790,1,,False,,False,True,80.67,80.67
348,0 days 00:21:29.467000,ALB,23,0 days 00:01:59.015000,3.0,1.0,,0 days 00:21:27.772000,38.629,44.069,36.317,0 days 00:20:09.081000,0 days 00:20:53.150000,0 days 00:21:29.467000,190.0,143.0,,278.0,False,SOFT,3.0,True,Williams,0 days 00:19:30.452000,2022-07-29 15:04:30.460,1,,False,,False,False,119.015,119.01500000000001
349,0 days 00:23:46.244000,ALB,23,0 days 00:02:16.777000,4.0,2.0,0 days 00:21:44.065000,,53.019,46.39,37.368,0 days 00:22:22.486000,0 days 00:23:08.876000,0 days 00:23:46.244000,121.0,207.0,256.0,278.0,False,SOFT,4.0,False,Williams,0 days 00:21:29.467000,2022-07-29 15:06:29.475,1,,False,,False,False,136.777,136.777
350,0 days 00:25:29.673000,ALB,23,0 days 00:01:43.429000,5.0,2.0,,,30.755,43.377,29.297,0 days 00:24:16.999000,0 days 00:25:00.376000,0 days 00:25:29.673000,188.0,181.0,246.0,310.0,False,SOFT,5.0,False,Williams,0 days 00:23:46.244000,2022-07-29 15:08:46.252,1,,False,,False,True,103.429,103.429
351,0 days 00:26:50.288000,ALB,23,0 days 00:01:20.615000,6.0,2.0,,,28.825,28.853,22.937,0 days 00:25:58.498000,0 days 00:26:27.351000,0 days 00:26:50.288000,282.0,246.0,257.0,307.0,True,SOFT,6.0,False,Williams,0 days 00:25:29.673000,2022-07-29 15:10:29.681,1,,False,,False,True,80.615,80.615
352,0 days 00:28:31.511000,ALB,23,0 days 00:01:41.223000,7.0,2.0,,0 days 00:28:29.792000,33.011,38.719,29.493,0 days 00:27:23.299000,0 days 00:28:02.018000,0 days 00:28:31.511000,252.0,223.0,,297.0,False,SOFT,7.0,False,Williams,0 days 00:26:50.288000,2022-07-29 15:11:50.296,1,,False,,False,False,101.223,101.223
353,0 days 00:35:15.190000,ALB,23,,8.0,3.0,0 days 00:33:36.264000,,,38.509,25.906,,0 days 00:34:49.404000,0 days 00:35:15.238000,242.0,209.0,257.0,297.0,False,SOFT,1.0,True,Williams,0 days 00:28:31.511000,2022-07-29 15:13:31.519,1,,False,,False,False,,
354,0 days 00:37:37.056000,ALB,23,0 days 00:02:21.866000,9.0,3.0,,0 days 00:37:35.187000,71.047,39.211,31.608,0 days 00:36:26.237000,0 days 00:37:05.448000,0 days 00:37:37.056000,209.0,209.0,,310.0,False,SOFT,2.0,True,Williams,0 days 00:35:15.190000,2022-07-29 15:20:15.198,12,,False,,False,False,141.866,141.86599999999999
355,0 days 00:55:10.972000,ALB,23,,10.0,4.0,0 days 00:53:17.475000,,,33.682,25.013,,0 days 00:54:46.103000,0 days 00:55:10.992000,253.0,222.0,242.0,310.0,False,HARD,1.0,True,Williams,0 days 00:37:37.056000,2022-07-29 15:22:37.064,1,,False,,False,False,,
356,0 days 00:56:37.159000,ALB,23,0 days 00:01:26.187000,11.0,4.0,,,30.977,31.114,24.096,0 days 00:55:41.949000,0 days 00:56:13.063000,0 days 00:56:37.159000,269.0,232.0,243.0,286.0,False,HARD,2.0,True,Williams,0 days 00:55:10.972000,2022-07-29 15:40:10.980,1,,False,,False,True,86.187,86.187
357,0 days 00:58:02.703000,ALB,23,0 days 00:01:25.544000,12.0,4.0,,,30.62,30.737,24.187,0 days 00:57:07.779000,0 days 00:57:38.516000,0 days 00:58:02.703000,272.0,233.0,242.0,287.0,False,HARD,3.0,True,Williams,0 days 00:56:37.159000,2022-07-29 15:41:37.167,1,,False,,False,True,85.544,85.544
358,0 days 00:59:28.133000,ALB,23,0 days 00:01:25.430000,13.0,4.0,,,30.562,30.804,24.064,0 days 00:58:33.265000,0 days 00:59:04.069000,0 days 00:59:28.133000,273.0,232.0,244.0,287.0,False,HARD,4.0,True,Williams,0 days 00:58:02.703000,2022-07-29 15:43:02.711,1,,False,,False,True,85.43,85.43
359,0 days 01:00:54.089000,ALB,23,0 days 00:01:25.956000,14.0,4.0,,,30.399,31.196,24.361,0 days 00:59:58.532000,0 days 01:00:29.728000,0 days 01:00:54.089000,278.0,230.0,248.0,288.0,False,HARD,5.0,True,Williams,0 days 00:59:28.133000,2022-07-29 15:44:28.141,1,,False,,False,True,85.956,85.956
360,0 days 01:02:20.327000,ALB,23,0 days 00:01:26.238000,15.0,4.0,,,30.537,31.229,24.472,0 days 01:01:24.626000,0 days 01:01:55.855000,0 days 01:02:20.327000,276.0,229.0,246.0,302.0,False,HARD,6.0,True,Williams,0 days 01:00:54.089000,2022-07-29 15:45:54.097,1,,False,,False,True,86.238,86.238
361,0 days 01:03:46.636000,ALB,23,0 days 00:01:26.309000,16.0,4.0,,,30.599,31.303,24.407,0 days 01:02:50.926000,0 days 01:03:22.229000,0 days 01:03:46.636000,273.0,228.0,242.0,303.0,False,HARD,7.0,True,Williams,0 days 01:02:20.327000,2022-07-29 15:47:20.335,1,,False,,False,True,86.309,86.309
362,0 days 01:05:12.818000,ALB,23,0 days 00:01:26.182000,17.0,4.0,,,30.614,31.284,24.284,0 days 01:04:17.250000,0 days 01:04:48.534000,0 days 01:05:12.818000,275.0,230.0,243.0,290.0,False,HARD,8.0,True,Williams,0 days 01:03:46.636000,2022-07-29 15:48:46.644,1,,False,,False,True,86.182,86.18199999999999
363,0 days 01:06:41.943000,ALB,23,0 days 00:01:29.125000,18.0,4.0,,0 days 01:06:39.827000,30.856,31.332,26.937,0 days 01:05:43.674000,0 days 01:06:15.006000,0 days 01:06:41.943000,271.0,231.0,,289.0,False,HARD,9.0,True,Williams,0 days 01:05:12.818000,2022-07-29 15:50:12.826,1,,False,,False,False,89.125,89.125
364,0 days 01:08:56.835000,ALB,23,0 days 00:02:14.892000,19.0,5.0,0 days 01:07:18.335000,,72.376,32.441,30.075,0 days 01:07:54.319000,0 days 01:08:26.760000,0 days 01:08:56.835000,235.0,230.0,244.0,289.0,False,HARD,10.0,False,Williams,0 days 01:06:41.943000,2022-07-29 15:51:41.951,1,,False,,False,False,134.892,134.892
365,0 days 01:10:33.217000,ALB,23,0 days 00:01:36.382000,20.0,5.0,,0 days 01:10:31.431000,31.032,33.408,31.942,0 days 01:09:27.867000,0 days 01:10:01.275000,0 days 01:10:33.217000,278.0,204.0,,291.0,False,HARD,11.0,False,Williams,0 days 01:08:56.835000,2022-07-29 15:53:56.843,1,,False,,False,False,96.382,96.382
366,0 days 00:17:07.199000,ZHO,24,,1.0,1.0,0 days 00:15:20.521000,,,39.553,28.841,,0 days 00:16:38.567000,0 days 00:17:07.300000,188.0,211.0,249.0,,False,MEDIUM,1.0,True,Alfa Romeo,0 days 00:15:20.521000,2022-07-29 15:00:20.529,1,,False,,False,False,,
367,0 days 00:18:28.974000,ZHO,24,0 days 00:01:21.775000,2.0,1.0,,,29.288,29.332,23.155,0 days 00:17:36.487000,0 days 00:18:05.819000,0 days 00:18:28.974000,276.0,243.0,253.0,299.0,True,MEDIUM,2.0,True,Alfa Romeo,0 days 00:17:07.199000,2022-07-29 15:02:07.207,1,,False,,False,True,81.775,81.775
368,0 days 00:20:34.769000,ZHO,24,0 days 00:02:05.795000,3.0,1.0,,,43.151,43.732,38.912,0 days 00:19:12.125000,0 days 00:19:55.857000,0 days 00:20:34.769000,131.0,184.0,249.0,252.0,False,MEDIUM,3.0,True,Alfa Romeo,0 days 00:18:28.974000,2022-07-29 15:03:28.982,1,,False,,False,True,125.795,125.79500000000002
369,0 days 00:21:55.779000,ZHO,24,0 days 00:01:21.010000,4.0,1.0,,,29.14,28.803,23.067,0 days 00:21:03.909000,0 days 00:21:32.712000,0 days 00:21:55.779000,277.0,247.0,252.0,301.0,True,MEDIUM,4.0,True,Alfa Romeo,0 days 00:20:34.769000,2022-07-29 15:05:34.777,1,,False,,False,True,81.01,81.00999999999999
370,0 days 00:23:54.058000,ZHO,24,0 days 00:01:58.279000,5.0,1.0,,0 days 00:23:52.219000,44.44,43.593,30.246,0 days 00:22:40.219000,0 days 00:23:23.812000,0 days 00:23:54.058000,149.0,192.0,,273.0,False,MEDIUM,5.0,True,Alfa Romeo,0 days 00:21:55.779000,2022-07-29 15:06:55.787,1,,False,,False,False,118.279,118.279
371,0 days 00:26:32.061000,ZHO,24,,6.0,2.0,0 days 00:24:15.150000,,68.577,45.689,43.694,0 days 00:25:02.827000,0 days 00:25:48.558000,0 days 00:26:32.129000,152.0,184.0,253.0,273.0,False,MEDIUM,6.0,False,Alfa Romeo,0 days 00:23:54.058000,2022-07-29 15:08:54.066,1,,False,,False,False,,157.95999999999998
372,0 days 00:27:52.602000,ZHO,24,0 days 00:01:20.541000,7.0,2.0,,,28.931,28.856,22.754,0 days 00:27:00.992000,0 days 00:27:29.848000,0 days 00:27:52.602000,279.0,245.0,257.0,307.0,True,MEDIUM,7.0,False,Alfa Romeo,0 days 00:26:32.061000,2022-07-29 15:11:32.069,1,,False,,False,True,80.541,80.54100000000001
373,0 days 00:29:45.630000,ZHO,24,0 days 00:01:53.028000,8.0,2.0,,0 days 00:29:43.581000,39.108,40.813,33.107,0 days 00:28:31.710000,0 days 00:29:12.523000,0 days 00:29:45.630000,185.0,212.0,,251.0,False,MEDIUM,8.0,False,Alfa Romeo,0 days 00:27:52.602000,2022-07-29 15:12:52.610,1,,False,,False,False,113.028,113.02799999999999
374,0 days 00:41:38.218000,ZHO,24,,9.0,3.0,0 days 00:39:42.828000,,,40.78,34.848,,0 days 00:41:03.567000,0 days 00:41:38.295000,204.0,208.0,252.0,251.0,False,SOFT,1.0,True,Alfa Romeo,0 days 00:29:45.630000,2022-07-29 15:14:45.638,12,,False,,False,False,,
375,0 days 00:42:57.823000,ZHO,24,0 days 00:01:19.605000,10.0,3.0,,,28.747,28.228,22.63,0 days 00:42:06.965000,0 days 00:42:35.193000,0 days 00:42:57.823000,277.0,248.0,257.0,304.0,True,SOFT,2.0,True,Alfa Romeo,0 days 00:41:38.218000,2022-07-29 15:26:38.226,1,,False,,False,True,79.605,79.605
376,0 days 00:44:53.813000,ZHO,24,0 days 00:01:55.990000,11.0,3.0,,0 days 00:44:51.921000,36.44,44.029,35.521,0 days 00:43:34.263000,0 days 00:44:18.292000,0 days 00:44:53.813000,218.0,142.0,,253.0,False,SOFT,3.0,True,Alfa Romeo,0 days 00:42:57.823000,2022-07-29 15:27:57.831,1,,False,,False,False,115.99,115.99
377,0 days 00:47:22.009000,ZHO,24,0 days 00:02:28.196000,12.0,4.0,0 days 00:45:10.444000,,67.406,39.791,40.999,0 days 00:46:01.219000,0 days 00:46:41.010000,0 days 00:47:22.009000,182.0,196.0,250.0,253.0,False,SOFT,4.0,False,Alfa Romeo,0 days 00:44:53.813000,2022-07-29 15:29:53.821,1,,False,,False,False,148.196,148.196
378,0 days 00:48:42.743000,ZHO,24,0 days 00:01:20.734000,13.0,4.0,,,28.937,28.822,22.975,0 days 00:47:50.946000,0 days 00:48:19.768000,0 days 00:48:42.743000,277.0,244.0,249.0,301.0,False,SOFT,5.0,False,Alfa Romeo,0 days 00:47:22.009000,2022-07-29 15:32:22.017,1,,False,,False,True,80.734,80.73400000000001
379,0 days 00:50:23.532000,ZHO,24,0 days 00:01:40.789000,14.0,4.0,,0 days 00:50:21.779000,36.172,37.413,27.204,0 days 00:49:18.915000,0 days 00:49:56.328000,0 days 00:50:23.532000,190.0,219.0,,266.0,False,SOFT,6.0,False,Alfa Romeo,0 days 00:48:42.743000,2022-07-29 15:33:42.751,1,,False,,False,False,100.789,100.78899999999999
380,0 days 01:01:58.565000,ZHO,24,,15.0,5.0,0 days 01:00:27.667000,0 days 01:01:56.761000,,30.787,26.634,,0 days 01:01:32.101000,0 days 01:01:58.604000,266.0,229.0,,266.0,False,SOFT,7.0,False,Alfa Romeo,0 days 00:50:23.532000,2022-07-29 15:35:23.540,1,,False,,False,False,,
381,0 days 01:03:55.255000,ZHO,24,0 days 00:01:56.690000,16.0,6.0,0 days 01:02:18.899000,,56.556,33.369,26.765,0 days 01:02:55.121000,0 days 01:03:28.490000,0 days 01:03:55.255000,266.0,228.0,239.0,266.0,False,MEDIUM,9.0,False,Alfa Romeo,0 days 01:01:58.565000,2022-07-29 15:46:58.573,1,,False,,False,False,116.69,116.69
382,0 days 01:05:20.162000,ZHO,24,0 days 00:01:24.907000,17.0,6.0,,,30.655,30.562,23.69,0 days 01:04:25.910000,0 days 01:04:56.472000,0 days 01:05:20.162000,272.0,234.0,243.0,282.0,False,MEDIUM,10.0,False,Alfa Romeo,0 days 01:03:55.255000,2022-07-29 15:48:55.263,1,,False,,False,True,84.907,84.907
383,0 days 01:06:44.655000,ZHO,24,0 days 00:01:24.493000,18.0,6.0,,,30.375,30.357,23.761,0 days 01:05:50.537000,0 days 01:06:20.894000,0 days 01:06:44.655000,272.0,237.0,244.0,284.0,False,MEDIUM,11.0,False,Alfa Romeo,0 days 01:05:20.162000,2022-07-29 15:50:20.170,1,,False,,False,True,84.493,84.493
384,0 days 01:08:09.403000,ZHO,24,0 days 00:01:24.748000,19.0,6.0,,,30.295,30.494,23.959,0 days 01:07:14.950000,0 days 01:07:45.444000,0 days 01:08:09.403000,272.0,238.0,244.0,287.0,False,MEDIUM,12.0,False,Alfa Romeo,0 days 01:06:44.655000,2022-07-29 15:51:44.663,1,,False,,False,True,84.748,84.748
385,0 days 01:09:34.705000,ZHO,24,0 days 00:01:25.302000,20.0,6.0,,,30.529,30.68,24.093,0 days 01:08:39.932000,0 days 01:09:10.612000,0 days 01:09:34.705000,269.0,234.0,241.0,287.0,False,MEDIUM,13.0,False,Alfa Romeo,0 days 01:08:09.403000,2022-07-29 15:53:09.411,1,,False,,False,True,85.302,85.302
386,0 days 01:11:00.320000,ZHO,24,0 days 00:01:25.615000,21.0,6.0,,,30.767,30.743,24.105,0 days 01:10:05.472000,0 days 01:10:36.215000,0 days 01:11:00.320000,270.0,234.0,242.0,284.0,False,MEDIUM,14.0,False,Alfa Romeo,0 days 01:09:34.705000,2022-07-29 15:54:34.713,1,,False,,False,True,85.615,85.615
387,0 days 01:12:26.344000,ZHO,24,0 days 00:01:26.024000,22.0,6.0,,,30.821,31.103,24.1,0 days 01:11:31.141000,0 days 01:12:02.244000,0 days 01:12:26.344000,267.0,230.0,239.0,285.0,False,MEDIUM,15.0,False,Alfa Romeo,0 days 01:11:00.320000,2022-07-29 15:56:00.328,1,,False,,False,True,86.024,86.024
388,0 days 01:13:52.354000,ZHO,24,0 days 00:01:26.010000,23.0,6.0,,,30.827,31.037,24.146,0 days 01:12:57.171000,0 days 01:13:28.208000,0 days 01:13:52.354000,269.0,232.0,241.0,284.0,False,MEDIUM,16.0,False,Alfa Romeo,0 days 01:12:26.344000,2022-07-29 15:57:26.352,1,,False,,False,True,86.01,86.01
389,0 days 01:15:17.938000,ZHO,24,0 days 00:01:25.584000,24.0,6.0,,,30.79,30.677,24.117,0 days 01:14:23.144000,0 days 01:14:53.821000,0 days 01:15:17.938000,267.0,236.0,240.0,283.0,False,MEDIUM,17.0,False,Alfa Romeo,0 days 01:13:52.354000,2022-07-29 15:58:52.362,1,,False,,False,True,85.584,85.584
390,0 days 01:17:13.112000,ZHO,24,0 days 00:01:55.174000,25.0,6.0,,,32.847,40.376,41.951,0 days 01:15:50.785000,0 days 01:16:31.161000,0 days 01:17:13.112000,231.0,163.0,54.0,283.0,False,MEDIUM,18.0,False,Alfa Romeo,0 days 01:15:17.938000,2022-07-29 16:00:17.946,1,,False,,False,True,115.174,115.174
391,0 days 01:19:06.608000,ZHO,24,0 days 00:01:53.496000,26.0,6.0,,0 days 01:19:04.770000,52.249,33.676,27.571,0 days 01:18:05.361000,0 days 01:18:39.037000,0 days 01:19:06.608000,240.0,215.0,,241.0,False,MEDIUM,19.0,False,Alfa Romeo,0 days 01:17:13.112000,2022-07-29 16:02:13.120,1,,False,,False,False,113.496,113.49600000000001
392,0 days 00:17:28.349000,OCO,31,,1.0,1.0,0 days 00:15:40.945000,,,36.495,36.146,,0 days 00:16:52.363000,0 days 00:17:28.409000,265.0,212.0,248.0,,False,HARD,1.0,True,Alpine,0 days 00:15:40.945000,2022-07-29 15:00:40.953,1,,False,,False,False,,
393,0 days 00:18:50.739000,OCO,31,0 days 00:01:22.390000,2.0,1.0,,,29.52,29.578,23.292,0 days 00:17:57.869000,0 days 00:18:27.447000,0 days 00:18:50.739000,278.0,237.0,251.0,299.0,True,HARD,2.0,True,Alpine,0 days 00:17:28.349000,2022-07-29 15:02:28.357,1,,False,,False,True,82.39,82.39
394,0 days 00:20:43.533000,OCO,31,0 days 00:01:52.794000,3.0,1.0,,,37.78,45.961,29.053,0 days 00:19:28.519000,0 days 00:20:14.480000,0 days 00:20:43.533000,157.0,171.0,252.0,297.0,False,HARD,3.0,True,Alpine,0 days 00:18:50.739000,2022-07-29 15:03:50.747,1,,False,,False,True,112.794,112.794
395,0 days 00:22:05.284000,OCO,31,0 days 00:01:21.751000,4.0,1.0,,,29.316,29.16,23.275,0 days 00:21:12.849000,0 days 00:21:42.009000,0 days 00:22:05.284000,280.0,242.0,252.0,304.0,True,HARD,4.0,True,Alpine,0 days 00:20:43.533000,2022-07-29 15:05:43.541,1,,False,,False,True,81.751,81.751
396,0 days 00:24:11.236000,OCO,31,0 days 00:02:05.952000,5.0,1.0,,,44.548,51.665,29.739,0 days 00:22:49.832000,0 days 00:23:41.497000,0 days 00:24:11.236000,125.0,183.0,251.0,286.0,False,HARD,5.0,True,Alpine,0 days 00:22:05.284000,2022-07-29 15:07:05.292,1,,False,,False,True,125.952,125.952
397,0 days 00:25:33.275000,OCO,31,0 days 00:01:22.039000,6.0,1.0,,,29.344,29.335,23.36,0 days 00:24:40.580000,0 days 00:25:09.915000,0 days 00:25:33.275000,280.0,241.0,252.0,301.0,False,HARD,6.0,True,Alpine,0 days 00:24:11.236000,2022-07-29 15:09:11.244,1,,False,,False,True,82.039,82.039
398,0 days 00:27:31.664000,OCO,31,0 days 00:01:58.389000,7.0,1.0,,0 days 00:27:29.962000,45.78,45.188,27.421,0 days 00:26:19.055000,0 days 00:27:04.243000,0 days 00:27:31.664000,80.0,218.0,,286.0,False,HARD,7.0,True,Alpine,0 days 00:25:33.275000,2022-07-29 15:10:33.283,1,,False,,False,False,118.389,118.38900000000001
399,0 days 00:43:42.926000,OCO,31,,8.0,2.0,0 days 00:41:55.390000,,,40.079,32.473,,0 days 00:43:10.613000,0 days 00:43:43.003000,242.0,190.0,255.0,286.0,False,SOFT,1.0,True,Alpine,0 days 00:27:31.664000,2022-07-29 15:12:31.672,12,,False,,False,False,,
400,0 days 00:45:02.540000,OCO,31,0 days 00:01:19.614000,9.0,2.0,,,28.653,28.258,22.703,0 days 00:44:11.579000,0 days 00:44:39.837000,0 days 00:45:02.540000,280.0,247.0,253.0,302.0,True,SOFT,2.0,True,Alpine,0 days 00:43:42.926000,2022-07-29 15:28:42.934,1,,False,,False,True,79.614,79.614
401,0 days 00:47:16.159000,OCO,31,0 days 00:02:13.619000,10.0,2.0,,,42.473,53.682,37.464,0 days 00:45:45.013000,0 days 00:46:38.695000,0 days 00:47:16.159000,166.0,128.0,250.0,289.0,False,SOFT,3.0,True,Alpine,0 days 00:45:02.540000,2022-07-29 15:30:02.548,1,,False,,False,True,133.619,133.619
402,0 days 00:48:36.069000,OCO,31,0 days 00:01:19.910000,11.0,2.0,,,28.855,28.387,22.668,0 days 00:47:45.014000,0 days 00:48:13.401000,0 days 00:48:36.069000,279.0,247.0,253.0,301.0,False,SOFT,4.0,True,Alpine,0 days 00:47:16.159000,2022-07-29 15:32:16.167,1,,False,,False,True,79.91,79.91
403,0 days 00:50:48.818000,OCO,31,0 days 00:02:12.749000,12.0,2.0,,,46.299,50.474,35.976,0 days 00:49:22.368000,0 days 00:50:12.842000,0 days 00:50:48.818000,120.0,125.0,253.0,286.0,False,SOFT,5.0,True,Alpine,0 days 00:48:36.069000,2022-07-29 15:33:36.077,1,,False,,False,True,132.749,132.749
404,0 days 00:52:08.744000,OCO,31,0 days 00:01:19.926000,13.0,2.0,,,28.94,28.263,22.723,0 days 00:51:17.758000,0 days 00:51:46.021000,0 days 00:52:08.744000,278.0,246.0,253.0,300.0,False,SOFT,6.0,True,Alpine,0 days 00:50:48.818000,2022-07-29 15:35:48.826,1,,False,,False,True,79.926,79.926
405,0 days 00:53:41.549000,OCO,31,0 days 00:01:32.805000,14.0,2.0,,0 days 00:53:39.799000,31.75,32.881,28.174,0 days 00:52:40.494000,0 days 00:53:13.375000,0 days 00:53:41.549000,245.0,200.0,,283.0,False,SOFT,7.0,True,Alpine,0 days 00:52:08.744000,2022-07-29 15:37:08.752,1,,False,,False,False,92.805,92.805
406,0 days 01:00:52.164000,OCO,31,,15.0,3.0,0 days 00:59:13.203000,,,30.796,24.135,,0 days 01:00:28.200000,0 days 01:00:52.183000,272.0,229.0,243.0,283.0,False,HARD,8.0,False,Alpine,0 days 00:53:41.549000,2022-07-29 15:38:41.557,1,,False,,False,False,,
407,0 days 01:02:17.887000,OCO,31,0 days 00:01:25.723000,16.0,3.0,,,30.451,30.995,24.277,0 days 01:01:22.615000,0 days 01:01:53.610000,0 days 01:02:17.887000,269.0,231.0,241.0,287.0,False,HARD,9.0,False,Alpine,0 days 01:00:52.164000,2022-07-29 15:45:52.172,1,,False,,False,True,85.723,85.723
408,0 days 01:03:43.330000,OCO,31,0 days 00:01:25.443000,17.0,3.0,,,30.574,30.772,24.097,0 days 01:02:48.461000,0 days 01:03:19.233000,0 days 01:03:43.330000,269.0,229.0,240.0,285.0,False,HARD,10.0,False,Alpine,0 days 01:02:17.887000,2022-07-29 15:47:17.895,1,,False,,False,True,85.443,85.44300000000001
409,0 days 01:05:08.966000,OCO,31,0 days 00:01:25.636000,18.0,3.0,,,30.569,30.964,24.103,0 days 01:04:13.899000,0 days 01:04:44.863000,0 days 01:05:08.966000,274.0,230.0,241.0,285.0,False,HARD,11.0,False,Alpine,0 days 01:03:43.330000,2022-07-29 15:48:43.338,1,,False,,False,True,85.636,85.636
410,0 days 01:06:34.866000,OCO,31,0 days 00:01:25.900000,19.0,3.0,,,30.645,31.021,24.234,0 days 01:05:39.611000,0 days 01:06:10.632000,0 days 01:06:34.866000,273.0,228.0,240.0,286.0,False,HARD,12.0,False,Alpine,0 days 01:05:08.966000,2022-07-29 15:50:08.974,1,,False,,False,True,85.9,85.9
411,0 days 01:08:03.402000,OCO,31,0 days 00:01:28.536000,20.0,3.0,,0 days 01:08:01.615000,30.635,30.846,27.055,0 days 01:07:05.501000,0 days 01:07:36.347000,0 days 01:08:03.402000,273.0,228.0,,286.0,False,HARD,13.0,False,Alpine,0 days 01:06:34.866000,2022-07-29 15:51:34.874,1,,False,,False,False,88.536,88.536
412,0 days 01:09:54.555000,OCO,31,0 days 00:01:51.153000,21.0,4.0,0 days 01:08:23.666000,,50.355,34.663,26.135,0 days 01:08:53.757000,0 days 01:09:28.420000,0 days 01:09:54.555000,275.0,223.0,241.0,286.0,False,SOFT,8.0,False,Alpine,0 days 01:08:03.402000,2022-07-29 15:53:03.410,1,,False,,False,False,111.153,111.153
413,0 days 01:11:18.610000,OCO,31,0 days 00:01:24.055000,22.0,4.0,,,30.107,30.194,23.754,0 days 01:10:24.662000,0 days 01:10:54.856000,0 days 01:11:18.610000,272.0,234.0,241.0,286.0,False,SOFT,9.0,False,Alpine,0 days 01:09:54.555000,2022-07-29 15:54:54.563,1,,False,,False,True,84.055,84.055
414,0 days 01:12:46.712000,OCO,31,0 days 00:01:28.102000,23.0,4.0,,,30.567,33.255,24.28,0 days 01:11:49.177000,0 days 01:12:22.432000,0 days 01:12:46.712000,270.0,230.0,241.0,287.0,False,SOFT,10.0,False,Alpine,0 days 01:11:18.610000,2022-07-29 15:56:18.618,1,,False,,False,True,88.102,88.102
415,0 days 01:14:11.897000,OCO,31,0 days 00:01:25.185000,24.0,4.0,,,30.438,30.837,23.91,0 days 01:13:17.150000,0 days 01:13:47.987000,0 days 01:14:11.897000,275.0,233.0,242.0,288.0,False,SOFT,11.0,False,Alpine,0 days 01:12:46.712000,2022-07-29 15:57:46.720,1,,False,,False,True,85.185,85.185
416,0 days 01:15:37.926000,OCO,31,0 days 00:01:26.029000,25.0,4.0,,,30.486,31.193,24.35,0 days 01:14:42.383000,0 days 01:15:13.576000,0 days 01:15:37.926000,274.0,230.0,241.0,287.0,False,SOFT,12.0,False,Alpine,0 days 01:14:11.897000,2022-07-29 15:59:11.905,1,,False,,False,True,86.029,86.029
417,0 days 01:17:41.135000,OCO,31,0 days 00:02:03.209000,26.0,4.0,,,39.001,42.59,41.618,0 days 01:16:16.927000,0 days 01:16:59.517000,0 days 01:17:41.135000,151.0,140.0,42.0,277.0,False,SOFT,13.0,False,Alpine,0 days 01:15:37.926000,2022-07-29 16:00:37.934,1,,False,,False,True,123.209,123.209
418,0 days 01:19:33.405000,OCO,31,0 days 00:01:52.270000,27.0,4.0,,0 days 01:19:31.597000,52.502,32.106,27.662,0 days 01:18:33.637000,0 days 01:19:05.743000,0 days 01:19:33.405000,273.0,208.0,,247.0,False,SOFT,14.0,False,Alpine,0 days 01:17:41.135000,2022-07-29 16:02:41.143,1,,False,,False,False,112.27,112.27000000000001
419,0 days 00:20:23.092000,HAM,44,,1.0,1.0,0 days 00:18:27.624000,,,42.427,34.141,,0 days 00:19:49.133000,0 days 00:20:23.159000,235.0,193.0,250.0,,False,MEDIUM,1.0,True,Mercedes,0 days 00:18:27.624000,2022-07-29 15:03:27.632,1,,False,,False,False,,
420,0 days 00:21:43.945000,HAM,44,0 days 00:01:20.853000,2.0,1.0,,,29.015,29.001,22.837,0 days 00:20:52.107000,0 days 00:21:21.108000,0 days 00:21:43.945000,278.0,239.0,251.0,302.0,True,MEDIUM,2.0,True,Mercedes,0 days 00:20:23.092000,2022-07-29 15:05:23.100,1,,False,,False,True,80.853,80.85300000000001
421,0 days 00:23:50.818000,HAM,44,0 days 00:02:06.873000,3.0,1.0,,,50.992,43.695,32.186,0 days 00:22:34.937000,0 days 00:23:18.632000,0 days 00:23:50.818000,202.0,194.0,199.0,196.0,False,MEDIUM,3.0,True,Mercedes,0 days 00:21:43.945000,2022-07-29 15:06:43.953,1,,False,,False,True,126.873,126.87299999999999
422,0 days 00:26:10.213000,HAM,44,0 days 00:02:19.395000,4.0,1.0,,,43.722,49.97,45.703,0 days 00:24:34.540000,0 days 00:25:24.510000,0 days 00:26:10.213000,172.0,186.0,249.0,256.0,False,MEDIUM,4.0,True,Mercedes,0 days 00:23:50.818000,2022-07-29 15:08:50.826,1,,False,,False,True,139.395,139.395
423,0 days 00:27:45.299000,HAM,44,0 days 00:01:35.086000,5.0,1.0,,,29.078,38.019,27.989,0 days 00:26:39.291000,0 days 00:27:17.310000,0 days 00:27:45.299000,275.0,201.0,252.0,302.0,False,MEDIUM,5.0,True,Mercedes,0 days 00:26:10.213000,2022-07-29 15:11:10.221,1,,False,,False,True,95.086,95.086
424,0 days 00:29:09.693000,HAM,44,0 days 00:01:24.394000,6.0,1.0,,0 days 00:29:07.968000,28.915,28.771,26.708,0 days 00:28:14.214000,0 days 00:28:42.985000,0 days 00:29:09.693000,277.0,243.0,,302.0,False,MEDIUM,6.0,True,Mercedes,0 days 00:27:45.299000,2022-07-29 15:12:45.307,1,,False,,False,False,84.394,84.394
425,0 days 00:38:28.659000,HAM,44,,7.0,2.0,0 days 00:36:57.183000,0 days 00:38:26.888000,,33.604,28.082,,0 days 00:38:00.803000,0 days 00:38:28.727000,255.0,97.0,,302.0,False,MEDIUM,7.0,False,Mercedes,0 days 00:29:09.693000,2022-07-29 15:14:09.701,12,,False,,False,False,,
426,0 days 00:40:49.852000,HAM,44,0 days 00:02:21.193000,8.0,3.0,0 days 00:38:53.385000,,64.593,47.699,28.901,0 days 00:39:33.252000,0 days 00:40:20.951000,0 days 00:40:49.852000,120.0,192.0,252.0,302.0,False,SOFT,1.0,True,Mercedes,0 days 00:38:28.659000,2022-07-29 15:23:28.667,1,,False,,False,False,141.193,141.193
427,0 days 00:42:09.399000,HAM,44,0 days 00:01:19.547000,9.0,3.0,,,28.678,28.309,22.56,0 days 00:41:18.530000,0 days 00:41:46.839000,0 days 00:42:09.399000,281.0,245.0,253.0,305.0,True,SOFT,2.0,True,Mercedes,0 days 00:40:49.852000,2022-07-29 15:25:49.860,1,,False,,False,True,79.547,79.547
428,0 days 00:44:12.149000,HAM,44,0 days 00:02:02.750000,10.0,3.0,,0 days 00:44:10.368000,39.232,46.582,36.936,0 days 00:42:48.631000,0 days 00:43:35.213000,0 days 00:44:12.149000,221.0,196.0,,225.0,False,SOFT,3.0,True,Mercedes,0 days 00:42:09.399000,2022-07-29 15:27:09.407,1,,False,,False,False,122.75,122.75
429,0 days 00:46:42.002000,HAM,44,0 days 00:02:29.853000,11.0,4.0,0 days 00:44:43.748000,,69.63,50.091,30.132,0 days 00:45:21.779000,0 days 00:46:11.870000,0 days 00:46:42.002000,212.0,174.0,251.0,225.0,False,SOFT,4.0,False,Mercedes,0 days 00:44:12.149000,2022-07-29 15:29:12.157,1,,False,,False,False,149.853,149.853
430,0 days 00:48:02.646000,HAM,44,0 days 00:01:20.644000,12.0,4.0,,,29.078,28.434,23.132,0 days 00:47:11.080000,0 days 00:47:39.514000,0 days 00:48:02.646000,274.0,245.0,251.0,300.0,False,SOFT,5.0,False,Mercedes,0 days 00:46:42.002000,2022-07-29 15:31:42.010,1,,False,,False,True,80.644,80.644
431,0 days 00:49:30.059000,HAM,44,0 days 00:01:27.413000,13.0,4.0,,0 days 00:49:28.317000,30.445,30.324,26.644,0 days 00:48:33.091000,0 days 00:49:03.415000,0 days 00:49:30.059000,263.0,231.0,,292.0,False,SOFT,6.0,False,Mercedes,0 days 00:48:02.646000,2022-07-29 15:33:02.654,1,,False,,False,False,87.413,87.41300000000001
432,0 days 00:51:29.384000,HAM,44,0 days 00:01:59.325000,14.0,5.0,0 days 00:49:52.739000,,57.914,36.087,25.324,0 days 00:50:27.973000,0 days 00:51:04.060000,0 days 00:51:29.384000,242.0,216.0,257.0,292.0,False,SOFT,1.0,True,Mercedes,0 days 00:49:30.059000,2022-07-29 15:34:30.067,1,,False,,False,False,119.325,119.325
433,0 days 00:52:56.870000,HAM,44,0 days 00:01:27.486000,15.0,5.0,,0 days 00:52:55.123000,28.414,28.279,30.793,0 days 00:51:57.798000,0 days 00:52:26.077000,0 days 00:52:56.870000,280.0,247.0,,304.0,False,SOFT,2.0,True,Mercedes,0 days 00:51:29.384000,2022-07-29 15:36:29.392,1,,False,,False,False,87.486,87.48599999999999
434,0 days 01:04:03.663000,HAM,44,,16.0,6.0,0 days 01:02:18.132000,,,32.823,27.248,,0 days 01:03:36.515000,0 days 01:04:03.675000,259.0,225.0,241.0,304.0,False,MEDIUM,8.0,False,Mercedes,0 days 00:52:56.870000,2022-07-29 15:37:56.878,1,,False,,False,False,,
435,0 days 01:05:38.583000,HAM,44,0 days 00:01:34.920000,17.0,6.0,,,30.276,36.618,28.026,0 days 01:04:33.939000,0 days 01:05:10.557000,0 days 01:05:38.583000,273.0,180.0,238.0,282.0,False,MEDIUM,9.0,False,Mercedes,0 days 01:04:03.663000,2022-07-29 15:49:03.671,1,,False,,False,True,94.92,94.92
436,0 days 01:07:11.897000,HAM,44,0 days 00:01:33.314000,18.0,6.0,,0 days 01:07:10.096000,30.449,31.473,31.392,0 days 01:06:09.032000,0 days 01:06:40.505000,0 days 01:07:11.897000,275.0,192.0,,283.0,False,MEDIUM,10.0,False,Mercedes,0 days 01:05:38.583000,2022-07-29 15:50:38.591,1,,False,,False,False,93.314,93.314
437,0 days 01:12:45.726000,HAM,44,,19.0,7.0,0 days 01:11:05.827000,,,31.143,25.56,,0 days 01:12:20.300000,0 days 01:12:45.752000,272.0,231.0,241.0,283.0,False,MEDIUM,11.0,False,Mercedes,0 days 01:07:11.897000,2022-07-29 15:52:11.905,1,,False,,False,False,,
438,0 days 01:14:10.582000,HAM,44,0 days 00:01:24.856000,20.0,7.0,,,30.413,30.598,23.845,0 days 01:13:16.139000,0 days 01:13:46.737000,0 days 01:14:10.582000,275.0,232.0,239.0,284.0,False,MEDIUM,12.0,False,Mercedes,0 days 01:12:45.726000,2022-07-29 15:57:45.734,1,,False,,False,True,84.856,84.856
439,0 days 01:15:41.810000,HAM,44,0 days 00:01:31.228000,21.0,7.0,,,30.668,32.116,28.444,0 days 01:14:41.250000,0 days 01:15:13.366000,0 days 01:15:41.810000,277.0,218.0,193.0,282.0,False,MEDIUM,13.0,False,Mercedes,0 days 01:14:10.582000,2022-07-29 15:59:10.590,1,,False,,False,True,91.228,91.228
440,0 days 01:18:14.842000,HAM,44,,22.0,7.0,,,40.413,44.194,68.418,0 days 01:16:22.328000,0 days 01:17:06.576000,0 days 01:18:14.889000,162.0,136.0,98.0,220.0,False,MEDIUM,14.0,False,Mercedes,0 days 01:15:41.810000,2022-07-29 16:00:41.818,1,,False,,False,False,,153.025
441,0 days 01:19:51.098000,HAM,44,0 days 00:01:36.256000,23.0,7.0,,0 days 01:19:49.285000,34.145,34.336,27.775,0 days 01:18:48.987000,0 days 01:19:23.323000,0 days 01:19:51.098000,228.0,207.0,,255.0,False,MEDIUM,15.0,False,Mercedes,0 days 01:18:14.842000,2022-07-29 16:03:14.850,1,,False,,False,False,96.256,96.256
442,0 days 00:17:35.856000,MSC,47,,1.0,1.0,0 days 00:15:47.548000,,,40.776,31.631,,0 days 00:17:04.399000,0 days 00:17:35.918000,236.0,168.0,250.0,,False,MEDIUM,1.0,True,Haas F1 Team,0 days 00:15:47.548000,2022-07-29 15:00:47.556,1,,False,,False,False,,
443,0 days 00:18:57.268000,MSC,47,0 days 00:01:21.412000,2.0,1.0,,,29.201,29.081,23.13,0 days 00:18:05.057000,0 days 00:18:34.138000,0 days 00:18:57.268000,274.0,240.0,253.0,301.0,True,MEDIUM,2.0,True,Haas F1 Team,0 days 00:17:35.856000,2022-07-29 15:02:35.864,1,,False,,False,True,81.412,81.41199999999999
444,0 days 00:21:09.933000,MSC,47,0 days 00:02:12.665000,3.0,1.0,,,43.941,52.361,36.363,0 days 00:19:41.209000,0 days 00:20:33.570000,0 days 00:21:09.933000,128.0,113.0,249.0,295.0,False,MEDIUM,3.0,True,Haas F1 Team,0 days 00:18:57.268000,2022-07-29 15:03:57.276,1,,False,,False,True,132.665,132.665
445,0 days 00:22:52.067000,MSC,47,0 days 00:01:42.134000,4.0,1.0,,,28.965,37.736,35.433,0 days 00:21:38.898000,0 days 00:22:16.634000,0 days 00:22:52.067000,279.0,142.0,252.0,304.0,False,MEDIUM,4.0,True,Haas F1 Team,0 days 00:21:09.933000,2022-07-29 15:06:09.941,1,,False,,False,True,102.134,102.13399999999999
446,0 days 00:24:13.157000,MSC,47,0 days 00:01:21.090000,5.0,1.0,,,28.995,29.035,23.06,0 days 00:23:21.062000,0 days 00:23:50.097000,0 days 00:24:13.157000,278.0,241.0,255.0,302.0,True,MEDIUM,5.0,True,Haas F1 Team,0 days 00:22:52.067000,2022-07-29 15:07:52.075,1,,False,,False,True,81.09,81.09
447,0 days 00:26:18.598000,MSC,47,0 days 00:02:05.441000,6.0,1.0,,,41.531,49.209,34.701,0 days 00:24:54.688000,0 days 00:25:43.897000,0 days 00:26:18.598000,154.0,122.0,251.0,296.0,False,MEDIUM,6.0,True,Haas F1 Team,0 days 00:24:13.157000,2022-07-29 15:09:13.165,1,,False,,False,True,125.441,125.441
448,0 days 00:28:00.786000,MSC,47,0 days 00:01:42.188000,7.0,1.0,,,29.318,41.471,31.399,0 days 00:26:47.916000,0 days 00:27:29.387000,0 days 00:28:00.786000,275.0,124.0,252.0,306.0,False,MEDIUM,7.0,True,Haas F1 Team,0 days 00:26:18.598000,2022-07-29 15:11:18.606,1,,False,,False,True,102.188,102.188
449,0 days 00:29:21.911000,MSC,47,0 days 00:01:21.125000,8.0,1.0,,,28.982,29.058,23.085,0 days 00:28:29.768000,0 days 00:28:58.826000,0 days 00:29:21.911000,278.0,240.0,253.0,304.0,False,MEDIUM,8.0,True,Haas F1 Team,0 days 00:28:00.786000,2022-07-29 15:13:00.794,1,,False,,False,True,81.125,81.125
450,0 days 00:30:57.304000,MSC,47,0 days 00:01:35.393000,9.0,1.0,,0 days 00:30:55.533000,35.96,32.12,27.313,0 days 00:29:57.871000,0 days 00:30:29.991000,0 days 00:30:57.304000,198.0,216.0,,294.0,False,MEDIUM,9.0,True,Haas F1 Team,0 days 00:29:21.911000,2022-07-29 15:14:21.919,1,,False,,False,False,95.393,95.393
451,0 days 00:44:03.566000,MSC,47,,10.0,2.0,0 days 00:41:59.326000,,,44.664,29.751,,0 days 00:43:34.001000,0 days 00:44:03.651000,204.0,155.0,252.0,294.0,False,SOFT,1.0,True,Haas F1 Team,0 days 00:30:57.304000,2022-07-29 15:15:57.312,12,,False,,False,False,,
452,0 days 00:45:23.551000,MSC,47,0 days 00:01:19.985000,11.0,2.0,,,28.708,28.553,22.724,0 days 00:44:32.274000,0 days 00:45:00.827000,0 days 00:45:23.551000,280.0,240.0,250.0,303.0,True,SOFT,2.0,True,Haas F1 Team,0 days 00:44:03.566000,2022-07-29 15:29:03.574,1,,False,,False,True,79.985,79.985
453,0 days 00:47:45.003000,MSC,47,0 days 00:02:21.452000,12.0,2.0,,,46.327,51.072,44.053,0 days 00:46:09.878000,0 days 00:47:00.950000,0 days 00:47:45.003000,146.0,134.0,252.0,287.0,False,SOFT,3.0,True,Haas F1 Team,0 days 00:45:23.551000,2022-07-29 15:30:23.559,1,,False,,False,True,141.452,141.452
454,0 days 00:49:24.663000,MSC,47,0 days 00:01:39.660000,13.0,2.0,,,28.801,35.963,34.896,0 days 00:48:13.804000,0 days 00:48:49.767000,0 days 00:49:24.663000,278.0,162.0,171.0,306.0,False,SOFT,4.0,True,Haas F1 Team,0 days 00:47:45.003000,2022-07-29 15:32:45.011,1,,False,,False,True,99.66,99.66
455,0 days 00:51:48.568000,MSC,47,0 days 00:02:23.905000,14.0,2.0,,,45.194,57.933,40.778,0 days 00:50:09.857000,0 days 00:51:07.790000,0 days 00:51:48.568000,158.0,127.0,251.0,224.0,False,SOFT,5.0,True,Haas F1 Team,0 days 00:49:24.663000,2022-07-29 15:34:24.671,1,,False,,False,True,143.905,143.905
456,0 days 00:53:15.722000,MSC,47,0 days 00:01:27.154000,15.0,2.0,,0 days 00:53:13.930000,28.912,28.747,29.495,0 days 00:52:17.480000,0 days 00:52:46.227000,0 days 00:53:15.722000,278.0,244.0,,303.0,False,SOFT,6.0,True,Haas F1 Team,0 days 00:51:48.568000,2022-07-29 15:36:48.576,1,,False,,False,False,87.154,87.154
457,0 days 01:01:21.762000,MSC,47,,16.0,3.0,0 days 00:59:40.812000,,,31.312,23.897,,0 days 01:00:58.042000,0 days 01:01:21.823000,270.0,232.0,244.0,303.0,False,MEDIUM,10.0,False,Haas F1 Team,0 days 00:53:15.722000,2022-07-29 15:38:15.730,1,,False,,False,False,,
458,0 days 01:02:47.834000,MSC,47,0 days 00:01:26.072000,17.0,3.0,,,30.644,31.162,24.266,0 days 01:01:52.406000,0 days 01:02:23.568000,0 days 01:02:47.834000,271.0,224.0,241.0,287.0,False,MEDIUM,11.0,False,Haas F1 Team,0 days 01:01:21.762000,2022-07-29 15:46:21.770,1,,False,,False,True,86.072,86.072
459,0 days 01:04:14.728000,MSC,47,0 days 00:01:26.894000,18.0,3.0,,,30.74,31.918,24.236,0 days 01:03:18.574000,0 days 01:03:50.492000,0 days 01:04:14.728000,273.0,227.0,242.0,286.0,False,MEDIUM,12.0,False,Haas F1 Team,0 days 01:02:47.834000,2022-07-29 15:47:47.842,1,,False,,False,True,86.894,86.894
460,0 days 01:05:41.985000,MSC,47,0 days 00:01:27.257000,19.0,3.0,,,31.358,31.599,24.3,0 days 01:04:46.086000,0 days 01:05:17.685000,0 days 01:05:41.985000,274.0,227.0,242.0,286.0,False,MEDIUM,13.0,False,Haas F1 Team,0 days 01:04:14.728000,2022-07-29 15:49:14.736,1,,False,,False,True,87.257,87.257
461,0 days 01:07:08.526000,MSC,47,0 days 00:01:26.541000,20.0,3.0,,,30.747,31.466,24.328,0 days 01:06:12.732000,0 days 01:06:44.198000,0 days 01:07:08.526000,274.0,230.0,241.0,288.0,False,MEDIUM,14.0,False,Haas F1 Team,0 days 01:05:41.985000,2022-07-29 15:50:41.993,1,,False,,False,True,86.541,86.541
462,0 days 01:08:35.253000,MSC,47,0 days 00:01:26.727000,21.0,3.0,,,30.953,31.562,24.212,0 days 01:07:39.479000,0 days 01:08:11.041000,0 days 01:08:35.253000,271.0,230.0,242.0,287.0,False,MEDIUM,15.0,False,Haas F1 Team,0 days 01:07:08.526000,2022-07-29 15:52:08.534,1,,False,,False,True,86.727,86.727
463,0 days 01:10:01.830000,MSC,47,0 days 00:01:26.577000,22.0,3.0,,,30.938,31.299,24.34,0 days 01:09:06.191000,0 days 01:09:37.490000,0 days 01:10:01.830000,273.0,231.0,241.0,287.0,False,MEDIUM,16.0,False,Haas F1 Team,0 days 01:08:35.253000,2022-07-29 15:53:35.261,1,,False,,False,True,86.577,86.577
464,0 days 01:11:30.109000,MSC,47,0 days 00:01:28.279000,23.0,3.0,,,31.423,31.995,24.861,0 days 01:10:33.253000,0 days 01:11:05.248000,0 days 01:11:30.109000,275.0,221.0,243.0,287.0,False,MEDIUM,17.0,False,Haas F1 Team,0 days 01:10:01.830000,2022-07-29 15:55:01.838,1,,False,,False,True,88.279,88.279
465,0 days 01:12:58.027000,MSC,47,0 days 00:01:27.918000,24.0,3.0,,,30.966,32.312,24.64,0 days 01:12:01.075000,0 days 01:12:33.387000,0 days 01:12:58.027000,273.0,230.0,240.0,288.0,False,MEDIUM,18.0,False,Haas F1 Team,0 days 01:11:30.109000,2022-07-29 15:56:30.117,1,,False,,False,True,87.918,87.918
466,0 days 01:14:25.843000,MSC,47,0 days 00:01:27.816000,25.0,3.0,,,31.082,31.994,24.74,0 days 01:13:29.109000,0 days 01:14:01.103000,0 days 01:14:25.843000,272.0,226.0,240.0,287.0,False,MEDIUM,19.0,False,Haas F1 Team,0 days 01:12:58.027000,2022-07-29 15:57:58.035,1,,False,,False,True,87.816,87.816
467,0 days 01:15:54.228000,MSC,47,0 days 00:01:28.385000,26.0,3.0,,,31.572,32.202,24.611,0 days 01:14:57.415000,0 days 01:15:29.617000,0 days 01:15:54.228000,274.0,229.0,238.0,285.0,False,MEDIUM,20.0,False,Haas F1 Team,0 days 01:14:25.843000,2022-07-29 15:59:25.851,1,,False,,False,True,88.385,88.385
468,0 days 01:18:01.279000,MSC,47,0 days 00:02:07.051000,27.0,3.0,,,31.143,40.165,55.743,0 days 01:16:25.371000,0 days 01:17:05.536000,0 days 01:18:01.279000,250.0,169.0,6.0,286.0,False,MEDIUM,21.0,False,Haas F1 Team,0 days 01:15:54.228000,2022-07-29 16:00:54.236,1,,False,,False,True,127.051,127.05099999999999
469,0 days 01:19:34.375000,MSC,47,0 days 00:01:33.096000,28.0,3.0,,0 days 01:19:32.563000,33.314,31.89,27.892,0 days 01:18:34.593000,0 days 01:19:06.483000,0 days 01:19:34.375000,272.0,227.0,,258.0,False,MEDIUM,22.0,False,Haas F1 Team,0 days 01:18:01.279000,2022-07-29 16:03:01.287,1,,False,,False,False,93.096,93.096
470,0 days 00:17:22.442000,SAI,55,,1.0,1.0,0 days 00:15:34.495000,,,38.95,33.993,,0 days 00:16:48.637000,0 days 00:17:22.520000,195.0,193.0,256.0,,False,MEDIUM,1.0,True,Ferrari,0 days 00:15:34.495000,2022-07-29 15:00:34.503,1,,False,,False,False,,
471,0 days 00:18:42.929000,SAI,55,0 days 00:01:20.487000,2.0,1.0,,,28.832,28.773,22.882,0 days 00:17:51.274000,0 days 00:18:20.047000,0 days 00:18:42.929000,282.0,245.0,257.0,306.0,True,MEDIUM,2.0,True,Ferrari,0 days 00:17:22.442000,2022-07-29 15:02:22.450,1,,False,,False,True,80.487,80.48700000000001
472,0 days 00:21:03.294000,SAI,55,0 days 00:02:20.365000,3.0,1.0,,,51.991,52.886,35.488,0 days 00:19:34.920000,0 days 00:20:27.806000,0 days 00:21:03.294000,117.0,149.0,254.0,174.0,False,MEDIUM,3.0,True,Ferrari,0 days 00:18:42.929000,2022-07-29 15:03:42.937,1,,False,,False,True,140.365,140.365
473,0 days 00:22:22.842000,SAI,55,0 days 00:01:19.548000,4.0,1.0,,,28.735,28.23,22.583,0 days 00:21:32.029000,0 days 00:22:00.259000,0 days 00:22:22.842000,281.0,248.0,248.0,303.0,True,MEDIUM,4.0,True,Ferrari,0 days 00:21:03.294000,2022-07-29 15:06:03.302,1,,False,,False,True,79.548,79.548
474,0 days 00:24:44.611000,SAI,55,0 days 00:02:21.769000,5.0,1.0,,,54.602,56.72,30.447,0 days 00:23:17.444000,0 days 00:24:14.164000,0 days 00:24:44.611000,113.0,100.0,255.0,158.0,False,MEDIUM,5.0,True,Ferrari,0 days 00:22:22.842000,2022-07-29 15:07:22.850,1,,False,,False,True,141.769,141.769
475,0 days 00:26:43.144000,SAI,55,0 days 00:01:58.533000,6.0,1.0,,,42.471,43.575,32.487,0 days 00:25:27.082000,0 days 00:26:10.657000,0 days 00:26:43.144000,152.0,205.0,256.0,303.0,False,MEDIUM,6.0,True,Ferrari,0 days 00:24:44.611000,2022-07-29 15:09:44.619,1,,False,,False,True,118.533,118.53299999999999
476,0 days 00:28:28.676000,SAI,55,0 days 00:01:45.532000,7.0,1.0,,,28.719,43.776,33.037,0 days 00:27:11.863000,0 days 00:27:55.639000,0 days 00:28:28.676000,281.0,92.0,255.0,306.0,False,MEDIUM,7.0,True,Ferrari,0 days 00:26:43.144000,2022-07-29 15:11:43.152,1,,False,,False,True,105.532,105.53200000000001
477,0 days 00:29:48.068000,SAI,55,0 days 00:01:19.392000,8.0,1.0,,,28.599,28.141,22.652,0 days 00:28:57.275000,0 days 00:29:25.416000,0 days 00:29:48.068000,281.0,248.0,252.0,304.0,True,MEDIUM,8.0,True,Ferrari,0 days 00:28:28.676000,2022-07-29 15:13:28.684,1,,False,,False,True,79.392,79.392
478,0 days 00:31:17.271000,SAI,55,0 days 00:01:29.203000,9.0,1.0,,0 days 00:31:15.471000,31.245,30.43,27.528,0 days 00:30:19.313000,0 days 00:30:49.743000,0 days 00:31:17.271000,256.0,220.0,,287.0,False,MEDIUM,9.0,True,Ferrari,0 days 00:29:48.068000,2022-07-29 15:14:48.076,1,,False,,False,False,89.203,89.203
479,0 days 00:41:07.772000,SAI,55,,10.0,2.0,0 days 00:39:07.375000,,,45.061,30.605,,0 days 00:40:37.368000,0 days 00:41:07.831000,183.0,156.0,254.0,287.0,False,SOFT,1.0,True,Ferrari,0 days 00:31:17.271000,2022-07-29 15:16:17.279,12,,False,,False,False,,
480,0 days 00:43:01.409000,SAI,55,0 days 00:01:53.637000,11.0,2.0,,0 days 00:42:59.406000,28.522,50.212,34.903,0 days 00:41:36.294000,0 days 00:42:26.506000,0 days 00:43:01.409000,280.0,144.0,,303.0,False,SOFT,2.0,True,Ferrari,0 days 00:41:07.772000,2022-07-29 15:26:07.780,1,,False,,False,False,113.637,113.637
481,0 days 00:45:30.465000,SAI,55,0 days 00:02:29.056000,12.0,3.0,0 days 00:43:24.285000,,67.318,46.84,34.898,0 days 00:44:08.727000,0 days 00:44:55.567000,0 days 00:45:30.465000,182.0,160.0,254.0,303.0,False,SOFT,3.0,False,Ferrari,0 days 00:43:01.409000,2022-07-29 15:28:01.417,1,,False,,False,False,149.056,149.056
482,0 days 00:46:49.141000,SAI,55,0 days 00:01:18.676000,13.0,3.0,,,28.524,27.757,22.395,0 days 00:45:58.989000,0 days 00:46:26.746000,0 days 00:46:49.141000,279.0,249.0,252.0,303.0,True,SOFT,4.0,False,Ferrari,0 days 00:45:30.465000,2022-07-29 15:30:30.473,1,,False,,False,True,78.676,78.676
483,0 days 00:48:52.096000,SAI,55,0 days 00:02:02.955000,14.0,3.0,,0 days 00:48:50.310000,43.076,45.36,34.519,0 days 00:47:32.217000,0 days 00:48:17.577000,0 days 00:48:52.096000,133.0,151.0,,290.0,False,SOFT,5.0,False,Ferrari,0 days 00:46:49.141000,2022-07-29 15:31:49.149,1,,False,,False,False,122.955,122.95500000000001
484,0 days 00:51:43.567000,SAI,55,,15.0,4.0,0 days 00:49:11.983000,,75.963,58.525,36.945,0 days 00:50:08.238000,0 days 00:51:06.768000,0 days 00:51:43.577000,160.0,177.0,253.0,290.0,False,SOFT,6.0,False,Ferrari,0 days 00:48:52.096000,2022-07-29 15:33:52.104,1,,False,,False,False,,171.433
485,0 days 00:53:25.384000,SAI,55,0 days 00:01:41.817000,16.0,4.0,,0 days 00:53:23.539000,28.582,40.692,32.543,0 days 00:52:12.149000,0 days 00:52:52.841000,0 days 00:53:25.384000,278.0,166.0,,299.0,False,SOFT,7.0,False,Ferrari,0 days 00:51:43.567000,2022-07-29 15:36:43.575,1,,False,,False,False,101.817,101.81700000000001
486,0 days 01:00:49.774000,SAI,55,,17.0,5.0,0 days 00:59:06.708000,,,33.516,27.15,,0 days 01:00:22.765000,0 days 01:00:49.782000,253.0,204.0,241.0,299.0,False,SOFT,8.0,False,Ferrari,0 days 00:53:25.384000,2022-07-29 15:38:25.392,1,,False,,False,False,,
487,0 days 01:02:12.959000,SAI,55,0 days 00:01:23.185000,18.0,5.0,,,29.944,29.714,23.527,0 days 01:01:19.718000,0 days 01:01:49.432000,0 days 01:02:12.959000,275.0,237.0,244.0,283.0,False,SOFT,9.0,False,Ferrari,0 days 01:00:49.774000,2022-07-29 15:45:49.782,1,,False,,False,True,83.185,83.185
488,0 days 01:03:36.184000,SAI,55,0 days 00:01:23.225000,19.0,5.0,,,30.005,29.769,23.451,0 days 01:02:42.964000,0 days 01:03:12.733000,0 days 01:03:36.184000,272.0,239.0,242.0,286.0,False,SOFT,10.0,False,Ferrari,0 days 01:02:12.959000,2022-07-29 15:47:12.967,1,,False,,False,True,83.225,83.225
489,0 days 01:04:59.624000,SAI,55,0 days 00:01:23.440000,20.0,5.0,,,30.123,29.896,23.421,0 days 01:04:06.307000,0 days 01:04:36.203000,0 days 01:04:59.624000,271.0,237.0,243.0,285.0,False,SOFT,11.0,False,Ferrari,0 days 01:03:36.184000,2022-07-29 15:48:36.192,1,,False,,False,True,83.44,83.44
490,0 days 01:06:23.254000,SAI,55,0 days 00:01:23.630000,21.0,5.0,,,30.048,29.988,23.594,0 days 01:05:29.672000,0 days 01:05:59.660000,0 days 01:06:23.254000,275.0,237.0,243.0,286.0,False,SOFT,12.0,False,Ferrari,0 days 01:04:59.624000,2022-07-29 15:49:59.632,1,,False,,False,True,83.63,83.63
491,0 days 01:07:47.109000,SAI,55,0 days 00:01:23.855000,22.0,5.0,,,30.177,29.971,23.707,0 days 01:06:53.431000,0 days 01:07:23.402000,0 days 01:07:47.109000,277.0,239.0,242.0,287.0,False,SOFT,13.0,False,Ferrari,0 days 01:06:23.254000,2022-07-29 15:51:23.262,1,,False,,False,True,83.855,83.85499999999999
492,0 days 01:09:11.060000,SAI,55,0 days 00:01:23.951000,23.0,5.0,,,30.144,30.079,23.728,0 days 01:08:17.253000,0 days 01:08:47.332000,0 days 01:09:11.060000,273.0,238.0,243.0,287.0,False,SOFT,14.0,False,Ferrari,0 days 01:07:47.109000,2022-07-29 15:52:47.117,1,,False,,False,True,83.951,83.951
493,0 days 01:10:35.142000,SAI,55,0 days 00:01:24.082000,24.0,5.0,,,30.119,30.091,23.872,0 days 01:09:41.179000,0 days 01:10:11.270000,0 days 01:10:35.142000,277.0,239.0,243.0,289.0,False,SOFT,15.0,False,Ferrari,0 days 01:09:11.060000,2022-07-29 15:54:11.068,1,,False,,False,True,84.082,84.082
494,0 days 01:12:03.040000,SAI,55,0 days 00:01:27.898000,25.0,5.0,,0 days 01:12:01.240000,30.789,30.371,26.738,0 days 01:11:05.931000,0 days 01:11:36.302000,0 days 01:12:03.040000,275.0,239.0,,289.0,False,SOFT,16.0,False,Ferrari,0 days 01:10:35.142000,2022-07-29 15:55:35.150,1,,False,,False,False,87.898,87.898
495,0 days 01:13:47.998000,SAI,55,0 days 00:01:44.958000,26.0,6.0,0 days 01:12:23.347000,,50.23,30.272,24.456,0 days 01:12:53.270000,0 days 01:13:23.542000,0 days 01:13:47.998000,273.0,237.0,244.0,289.0,False,MEDIUM,10.0,False,Ferrari,0 days 01:12:03.040000,2022-07-29 15:57:03.048,1,,False,,False,False,104.958,104.958
496,0 days 01:15:10.888000,SAI,55,0 days 00:01:22.890000,27.0,6.0,,,30.043,29.519,23.328,0 days 01:14:18.041000,0 days 01:14:47.560000,0 days 01:15:10.888000,273.0,241.0,243.0,285.0,False,MEDIUM,11.0,False,Ferrari,0 days 01:13:47.998000,2022-07-29 15:58:48.006,1,,False,,False,True,82.89,82.89
497,0 days 01:17:07.689000,SAI,55,0 days 00:01:56.801000,28.0,6.0,,,35.841,40.986,39.974,0 days 01:15:46.729000,0 days 01:16:27.715000,0 days 01:17:07.689000,176.0,158.0,66.0,285.0,False,MEDIUM,12.0,False,Ferrari,0 days 01:15:10.888000,2022-07-29 16:00:10.896,1,,False,,False,True,116.801,116.80099999999999
498,0 days 01:19:44.146000,SAI,55,,29.0,6.0,,0 days 01:19:07.232000,61.445,30.516,64.364,0 days 01:18:09.266000,0 days 01:18:39.785000,0 days 01:19:44.310000,265.0,235.0,,242.0,False,MEDIUM,13.0,False,Ferrari,0 days 01:17:07.689000,2022-07-29 16:02:07.697,1,,False,,False,False,,156.325
499,0 days 00:20:10.691000,RUS,63,,1.0,1.0,0 days 00:18:04.625000,,,41.169,27.925,,0 days 00:19:42.864000,0 days 00:20:10.697000,225.0,201.0,250.0,,False,MEDIUM,1.0,True,Mercedes,0 days 00:18:04.625000,2022-07-29 15:03:04.633,1,,False,,False,False,,
500,0 days 00:21:31.598000,RUS,63,0 days 00:01:20.907000,2.0,1.0,,,29.129,29.034,22.744,0 days 00:20:39.820000,0 days 00:21:08.854000,0 days 00:21:31.598000,277.0,240.0,251.0,303.0,True,MEDIUM,2.0,True,Mercedes,0 days 00:20:10.691000,2022-07-29 15:05:10.699,1,,False,,False,True,80.907,80.907
501,0 days 00:23:30.329000,RUS,63,0 days 00:01:58.731000,3.0,1.0,,,39.905,43.927,34.899,0 days 00:22:11.503000,0 days 00:22:55.430000,0 days 00:23:30.329000,168.0,183.0,251.0,289.0,False,MEDIUM,3.0,True,Mercedes,0 days 00:21:31.598000,2022-07-29 15:06:31.606,1,,False,,False,True,118.731,118.731
502,0 days 00:24:51.362000,RUS,63,0 days 00:01:21.033000,4.0,1.0,,,29.181,28.953,22.899,0 days 00:23:59.510000,0 days 00:24:28.463000,0 days 00:24:51.362000,276.0,242.0,253.0,302.0,False,MEDIUM,4.0,True,Mercedes,0 days 00:23:30.329000,2022-07-29 15:08:30.337,1,,False,,False,True,81.033,81.033
503,0 days 00:26:42.515000,RUS,63,0 days 00:01:51.153000,5.0,1.0,,0 days 00:26:40.760000,41.176,38.644,31.333,0 days 00:25:32.538000,0 days 00:26:11.182000,0 days 00:26:42.515000,167.0,197.0,,239.0,False,MEDIUM,5.0,True,Mercedes,0 days 00:24:51.362000,2022-07-29 15:09:51.370,1,,False,,False,False,111.153,111.15299999999999
504,0 days 00:35:03.307000,RUS,63,,6.0,2.0,0 days 00:33:04.084000,,,48.76,30.841,,0 days 00:34:32.653000,0 days 00:35:03.351000,208.0,159.0,252.0,239.0,False,SOFT,1.0,True,Mercedes,0 days 00:26:42.515000,2022-07-29 15:11:42.523,1,,False,,False,False,,
505,0 days 00:37:03.193000,RUS,63,0 days 00:01:59.886000,7.0,2.0,,,33.723,52.841,33.322,0 days 00:35:37.030000,0 days 00:36:29.871000,0 days 00:37:03.193000,173.0,149.0,251.0,304.0,False,SOFT,2.0,True,Mercedes,0 days 00:35:03.307000,2022-07-29 15:20:03.315,12,,False,,False,True,119.886,119.886
506,0 days 00:38:22.904000,RUS,63,0 days 00:01:19.711000,8.0,2.0,,,28.847,28.357,22.507,0 days 00:37:32.040000,0 days 00:38:00.397000,0 days 00:38:22.904000,280.0,245.0,255.0,303.0,True,SOFT,3.0,True,Mercedes,0 days 00:37:03.193000,2022-07-29 15:22:03.201,1,,False,,False,True,79.711,79.711
507,0 days 00:40:30.747000,RUS,63,0 days 00:02:07.843000,9.0,2.0,,,43.453,49.433,34.957,0 days 00:39:06.357000,0 days 00:39:55.790000,0 days 00:40:30.747000,124.0,146.0,207.0,281.0,False,SOFT,4.0,True,Mercedes,0 days 00:38:22.904000,2022-07-29 15:23:22.912,1,,False,,False,True,127.843,127.84299999999999
508,0 days 00:42:34.107000,RUS,63,0 days 00:02:03.360000,10.0,2.0,,,39.368,52.246,31.746,0 days 00:41:10.115000,0 days 00:42:02.361000,0 days 00:42:34.107000,116.0,155.0,248.0,259.0,False,SOFT,5.0,True,Mercedes,0 days 00:40:30.747000,2022-07-29 15:25:30.755,1,,False,,False,True,123.36,123.36
509,0 days 00:44:15.176000,RUS,63,0 days 00:01:41.069000,11.0,2.0,,0 days 00:44:13.012000,29.21,32.817,39.042,0 days 00:43:03.317000,0 days 00:43:36.134000,0 days 00:44:15.176000,275.0,199.0,,299.0,False,SOFT,6.0,True,Mercedes,0 days 00:42:34.107000,2022-07-29 15:27:34.115,1,,False,,False,False,101.069,101.069
510,0 days 00:46:58.282000,RUS,63,,12.0,3.0,0 days 00:44:49.429000,,77.088,49.716,36.314,0 days 00:45:32.448000,0 days 00:46:22.183000,0 days 00:46:58.357000,191.0,176.0,252.0,299.0,False,SOFT,1.0,True,Mercedes,0 days 00:44:15.176000,2022-07-29 15:29:15.184,1,,False,,False,False,,163.118
511,0 days 00:48:56.528000,RUS,63,0 days 00:01:58.246000,13.0,3.0,,,40.461,48.881,28.904,0 days 00:47:38.743000,0 days 00:48:27.624000,0 days 00:48:56.528000,208.0,156.0,253.0,306.0,False,SOFT,2.0,True,Mercedes,0 days 00:46:58.282000,2022-07-29 15:31:58.290,1,,False,,False,True,118.246,118.246
512,0 days 00:50:15.883000,RUS,63,0 days 00:01:19.355000,14.0,3.0,,,28.578,28.311,22.466,0 days 00:49:25.106000,0 days 00:49:53.417000,0 days 00:50:15.883000,281.0,247.0,254.0,306.0,True,SOFT,3.0,True,Mercedes,0 days 00:48:56.528000,2022-07-29 15:33:56.536,1,,False,,False,True,79.355,79.35499999999999
513,0 days 00:52:01.928000,RUS,63,0 days 00:01:46.045000,15.0,3.0,,0 days 00:52:00.238000,36.226,37.445,32.374,0 days 00:50:52.109000,0 days 00:51:29.554000,0 days 00:52:01.928000,234.0,160.0,,288.0,False,SOFT,4.0,True,Mercedes,0 days 00:50:15.883000,2022-07-29 15:35:15.891,1,,False,,False,False,106.045,106.04499999999999
514,0 days 01:01:16.346000,RUS,63,,16.0,4.0,0 days 00:59:34.592000,,,30.754,23.898,,0 days 01:00:52.572000,0 days 01:01:16.356000,265.0,234.0,241.0,288.0,False,MEDIUM,6.0,False,Mercedes,0 days 00:52:01.928000,2022-07-29 15:37:01.936,1,,False,,False,False,,
515,0 days 01:02:40.905000,RUS,63,0 days 00:01:24.559000,17.0,4.0,,,30.381,30.297,23.881,0 days 01:01:46.727000,0 days 01:02:17.024000,0 days 01:02:40.905000,271.0,231.0,241.0,281.0,False,MEDIUM,7.0,False,Mercedes,0 days 01:01:16.346000,2022-07-29 15:46:16.354,1,,False,,False,True,84.559,84.559
516,0 days 01:04:05.847000,RUS,63,0 days 00:01:24.942000,18.0,4.0,,,30.625,30.425,23.892,0 days 01:03:11.530000,0 days 01:03:41.955000,0 days 01:04:05.847000,272.0,228.0,241.0,282.0,False,MEDIUM,8.0,False,Mercedes,0 days 01:02:40.905000,2022-07-29 15:47:40.913,1,,False,,False,True,84.942,84.942
517,0 days 01:05:31.338000,RUS,63,0 days 00:01:25.491000,19.0,4.0,,,30.786,30.788,23.917,0 days 01:04:36.633000,0 days 01:05:07.421000,0 days 01:05:31.338000,262.0,229.0,240.0,276.0,False,MEDIUM,9.0,False,Mercedes,0 days 01:04:05.847000,2022-07-29 15:49:05.855,1,,False,,False,True,85.491,85.491
518,0 days 01:06:56.681000,RUS,63,0 days 00:01:25.343000,20.0,4.0,,,30.821,30.572,23.95,0 days 01:06:02.159000,0 days 01:06:32.731000,0 days 01:06:56.681000,254.0,229.0,241.0,277.0,False,MEDIUM,10.0,False,Mercedes,0 days 01:05:31.338000,2022-07-29 15:50:31.346,1,,False,,False,True,85.343,85.343
519,0 days 01:08:22.109000,RUS,63,0 days 00:01:25.428000,21.0,4.0,,,31.039,30.404,23.985,0 days 01:07:27.720000,0 days 01:07:58.124000,0 days 01:08:22.109000,263.0,231.0,240.0,274.0,False,MEDIUM,11.0,False,Mercedes,0 days 01:06:56.681000,2022-07-29 15:51:56.689,1,,False,,False,True,85.428,85.428
520,0 days 01:09:47.644000,RUS,63,0 days 00:01:25.535000,22.0,4.0,,,30.879,30.725,23.931,0 days 01:08:52.988000,0 days 01:09:23.713000,0 days 01:09:47.644000,259.0,231.0,241.0,279.0,False,MEDIUM,12.0,False,Mercedes,0 days 01:08:22.109000,2022-07-29 15:53:22.117,1,,False,,False,True,85.535,85.535
521,0 days 01:11:12.895000,RUS,63,0 days 00:01:25.251000,23.0,4.0,,,30.694,30.547,24.01,0 days 01:10:18.338000,0 days 01:10:48.885000,0 days 01:11:12.895000,265.0,233.0,241.0,281.0,False,MEDIUM,13.0,False,Mercedes,0 days 01:09:47.644000,2022-07-29 15:54:47.652,1,,False,,False,True,85.251,85.251
522,0 days 01:12:38.125000,RUS,63,0 days 00:01:25.230000,24.0,4.0,,,30.737,30.48,24.013,0 days 01:11:43.632000,0 days 01:12:14.112000,0 days 01:12:38.125000,267.0,234.0,241.0,286.0,False,MEDIUM,14.0,False,Mercedes,0 days 01:11:12.895000,2022-07-29 15:56:12.903,1,,False,,False,True,85.23,85.23
523,0 days 01:14:03.691000,RUS,63,0 days 00:01:25.566000,25.0,4.0,,,30.735,30.693,24.138,0 days 01:13:08.860000,0 days 01:13:39.553000,0 days 01:14:03.691000,268.0,232.0,240.0,284.0,False,MEDIUM,15.0,False,Mercedes,0 days 01:12:38.125000,2022-07-29 15:57:38.133,1,,False,,False,True,85.566,85.566
524,0 days 01:15:29.494000,RUS,63,0 days 00:01:25.803000,26.0,4.0,,,30.956,30.727,24.12,0 days 01:14:34.647000,0 days 01:15:05.374000,0 days 01:15:29.494000,267.0,232.0,240.0,284.0,False,MEDIUM,16.0,False,Mercedes,0 days 01:14:03.691000,2022-07-29 15:59:03.699,1,,False,,False,True,85.803,85.803
525,0 days 01:17:19.121000,RUS,63,0 days 00:01:49.627000,27.0,4.0,,,35.143,35.175,39.309,0 days 01:16:04.637000,0 days 01:16:39.812000,0 days 01:17:19.121000,199.0,195.0,44.0,253.0,False,MEDIUM,17.0,False,Mercedes,0 days 01:15:29.494000,2022-07-29 16:00:29.502,1,,False,,False,True,109.627,109.627
526,0 days 01:19:21.929000,RUS,63,0 days 00:02:02.808000,28.0,4.0,,0 days 01:19:20.158000,58.599,35.993,28.216,0 days 01:18:17.720000,0 days 01:18:53.713000,0 days 01:19:21.929000,218.0,181.0,,249.0,False,MEDIUM,18.0,False,Mercedes,0 days 01:17:19.121000,2022-07-29 16:02:19.129,1,,False,,False,False,122.808,122.80799999999999
527,0 days 00:16:46.339000,BOT,77,,1.0,1.0,0 days 00:15:08.947000,,,36.198,28.226,,0 days 00:16:18.272000,0 days 00:16:46.406000,235.0,225.0,255.0,,False,MEDIUM,1.0,True,Alfa Romeo,0 days 00:15:08.947000,2022-07-29 15:00:08.955,1,,False,,False,False,,
528,0 days 00:18:07.791000,BOT,77,0 days 00:01:21.452000,2.0,1.0,,,28.985,29.455,23.012,0 days 00:17:15.324000,0 days 00:17:44.779000,0 days 00:18:07.791000,279.0,240.0,254.0,302.0,True,MEDIUM,2.0,True,Alfa Romeo,0 days 00:16:46.339000,2022-07-29 15:01:46.347,1,,False,,False,True,81.452,81.452
529,0 days 00:19:51.263000,BOT,77,0 days 00:01:43.472000,3.0,1.0,,,35.206,38.598,29.668,0 days 00:18:42.997000,0 days 00:19:21.595000,0 days 00:19:51.263000,221.0,201.0,254.0,292.0,False,MEDIUM,3.0,True,Alfa Romeo,0 days 00:18:07.791000,2022-07-29 15:03:07.799,1,,False,,False,True,103.472,103.47200000000001
530,0 days 00:21:12.408000,BOT,77,0 days 00:01:21.145000,4.0,1.0,,,29.016,29.248,22.881,0 days 00:20:20.279000,0 days 00:20:49.527000,0 days 00:21:12.408000,277.0,241.0,253.0,305.0,True,MEDIUM,4.0,True,Alfa Romeo,0 days 00:19:51.263000,2022-07-29 15:04:51.271,1,,False,,False,True,81.145,81.145
531,0 days 00:23:28.458000,BOT,77,0 days 00:02:16.050000,5.0,1.0,,0 days 00:23:26.423000,50.585,46.001,39.464,0 days 00:22:02.993000,0 days 00:22:48.994000,0 days 00:23:28.458000,121.0,207.0,,288.0,False,MEDIUM,5.0,True,Alfa Romeo,0 days 00:21:12.408000,2022-07-29 15:06:12.416,1,,False,,False,False,136.05,136.05
532,0 days 00:26:03.126000,BOT,77,,6.0,2.0,0 days 00:23:58.663000,,64.797,43.787,46.084,0 days 00:24:33.413000,0 days 00:25:17.186000,0 days 00:26:03.197000,208.0,212.0,252.0,288.0,False,MEDIUM,6.0,False,Alfa Romeo,0 days 00:23:28.458000,2022-07-29 15:08:28.466,1,,False,,False,False,,154.668
533,0 days 00:27:23.906000,BOT,77,0 days 00:01:20.780000,7.0,2.0,,,29.043,28.924,22.813,0 days 00:26:32.169000,0 days 00:27:01.093000,0 days 00:27:23.906000,278.0,247.0,252.0,304.0,True,MEDIUM,7.0,False,Alfa Romeo,0 days 00:26:03.126000,2022-07-29 15:11:03.134,1,,False,,False,True,80.78,80.78
534,0 days 00:29:14.251000,BOT,77,0 days 00:01:50.345000,8.0,2.0,,0 days 00:29:12.494000,40.498,36.462,33.385,0 days 00:28:04.404000,0 days 00:28:40.866000,0 days 00:29:14.251000,222.0,220.0,,269.0,False,MEDIUM,8.0,False,Alfa Romeo,0 days 00:27:23.906000,2022-07-29 15:12:23.914,1,,False,,False,False,110.345,110.345
535,0 days 00:31:09.815000,BOT,77,0 days 00:01:55.564000,9.0,3.0,0 days 00:29:28.902000,,48.703,39.386,27.475,0 days 00:30:02.954000,0 days 00:30:42.340000,0 days 00:31:09.815000,228.0,196.0,257.0,269.0,False,MEDIUM,9.0,False,Alfa Romeo,0 days 00:29:14.251000,2022-07-29 15:14:14.259,1,,False,,False,False,115.564,115.564
536,0 days 00:32:30.117000,BOT,77,0 days 00:01:20.302000,10.0,3.0,,,28.883,28.741,22.678,0 days 00:31:38.698000,0 days 00:32:07.439000,0 days 00:32:30.117000,278.0,247.0,255.0,305.0,True,MEDIUM,10.0,False,Alfa Romeo,0 days 00:31:09.815000,2022-07-29 15:16:09.823,1,,False,,False,True,80.302,80.30199999999999
537,0 days 00:34:09.801000,BOT,77,0 days 00:01:39.684000,11.0,3.0,,0 days 00:34:08.027000,35.257,34.672,29.755,0 days 00:33:05.374000,0 days 00:33:40.046000,0 days 00:34:09.801000,127.0,207.0,,239.0,False,MEDIUM,11.0,False,Alfa Romeo,0 days 00:32:30.117000,2022-07-29 15:17:30.125,1,,False,,False,False,99.684,99.684
538,0 days 00:43:35.895000,BOT,77,,12.0,4.0,0 days 00:41:43.780000,,,40.208,32.81,,0 days 00:43:03.244000,0 days 00:43:35.986000,210.0,192.0,257.0,239.0,False,SOFT,1.0,True,Alfa Romeo,0 days 00:34:09.801000,2022-07-29 15:19:09.809,12,,False,,False,False,,
539,0 days 00:44:55.306000,BOT,77,0 days 00:01:19.411000,13.0,4.0,,,28.738,28.05,22.623,0 days 00:44:04.633000,0 days 00:44:32.683000,0 days 00:44:55.306000,280.0,245.0,253.0,304.0,True,SOFT,2.0,True,Alfa Romeo,0 days 00:43:35.895000,2022-07-29 15:28:35.903,1,,False,,False,True,79.411,79.411
540,0 days 00:47:16.288000,BOT,77,0 days 00:02:20.982000,14.0,4.0,,0 days 00:47:14.549000,46.687,54.257,40.038,0 days 00:45:41.993000,0 days 00:46:36.250000,0 days 00:47:16.288000,115.0,109.0,,219.0,False,SOFT,3.0,True,Alfa Romeo,0 days 00:44:55.306000,2022-07-29 15:29:55.314,1,,False,,False,False,140.982,140.98199999999997
541,0 days 00:49:33.264000,BOT,77,0 days 00:02:16.976000,15.0,5.0,0 days 00:47:34.367000,,65.532,39.247,32.197,0 days 00:48:21.820000,0 days 00:49:01.067000,0 days 00:49:33.264000,198.0,175.0,253.0,219.0,False,SOFT,4.0,False,Alfa Romeo,0 days 00:47:16.288000,2022-07-29 15:32:16.296,1,,False,,False,False,136.976,136.976
542,0 days 00:50:52.941000,BOT,77,0 days 00:01:19.677000,16.0,5.0,,,28.81,28.309,22.558,0 days 00:50:02.074000,0 days 00:50:30.383000,0 days 00:50:52.941000,276.0,244.0,250.0,302.0,False,SOFT,5.0,False,Alfa Romeo,0 days 00:49:33.264000,2022-07-29 15:34:33.272,1,,False,,False,True,79.677,79.67699999999999
543,0 days 00:52:27.751000,BOT,77,0 days 00:01:34.810000,17.0,5.0,,0 days 00:52:25.980000,34.832,33.577,26.401,0 days 00:51:27.773000,0 days 00:52:01.350000,0 days 00:52:27.751000,243.0,215.0,,219.0,False,SOFT,6.0,False,Alfa Romeo,0 days 00:50:52.941000,2022-07-29 15:35:52.949,1,,False,,False,False,94.81,94.80999999999999
544,0 days 01:00:52.003000,BOT,77,,18.0,6.0,0 days 00:59:19.295000,0 days 01:00:50.180000,,35.817,26.692,,0 days 01:00:25.464000,0 days 01:00:52.020000,234.0,155.0,,219.0,False,SOFT,7.0,False,Alfa Romeo,0 days 00:52:27.751000,2022-07-29 15:37:27.759,1,,False,,False,False,,
545,0 days 01:02:45.460000,BOT,77,0 days 00:01:53.457000,19.0,7.0,0 days 01:01:18.633000,,57.114,30.767,25.576,0 days 01:01:49.117000,0 days 01:02:19.884000,0 days 01:02:45.460000,270.0,229.0,246.0,219.0,False,MEDIUM,12.0,False,Alfa Romeo,0 days 01:00:52.003000,2022-07-29 15:45:52.011,1,,False,,False,False,113.457,113.457
546,0 days 01:04:09.294000,BOT,77,0 days 00:01:23.834000,20.0,7.0,,,30.032,30.209,23.593,0 days 01:03:15.492000,0 days 01:03:45.701000,0 days 01:04:09.294000,276.0,233.0,246.0,287.0,False,MEDIUM,13.0,False,Alfa Romeo,0 days 01:02:45.460000,2022-07-29 15:47:45.468,1,,False,,False,True,83.834,83.834
547,0 days 01:05:34.309000,BOT,77,0 days 00:01:25.015000,21.0,7.0,,,30.371,30.906,23.738,0 days 01:04:39.665000,0 days 01:05:10.571000,0 days 01:05:34.309000,272.0,228.0,245.0,288.0,False,MEDIUM,14.0,False,Alfa Romeo,0 days 01:04:09.294000,2022-07-29 15:49:09.302,1,,False,,False,True,85.015,85.015
548,0 days 01:06:59.486000,BOT,77,0 days 00:01:25.177000,22.0,7.0,,,30.411,30.885,23.881,0 days 01:06:04.720000,0 days 01:06:35.605000,0 days 01:06:59.486000,270.0,233.0,242.0,288.0,False,MEDIUM,15.0,False,Alfa Romeo,0 days 01:05:34.309000,2022-07-29 15:50:34.317,1,,False,,False,True,85.177,85.177
549,0 days 01:08:24.557000,BOT,77,0 days 00:01:25.071000,23.0,7.0,,,30.534,30.63,23.907,0 days 01:07:30.020000,0 days 01:08:00.650000,0 days 01:08:24.557000,272.0,234.0,241.0,285.0,False,MEDIUM,16.0,False,Alfa Romeo,0 days 01:06:59.486000,2022-07-29 15:51:59.494,1,,False,,False,True,85.071,85.071
550,0 days 01:09:50.227000,BOT,77,0 days 00:01:25.670000,24.0,7.0,,,30.814,30.889,23.967,0 days 01:08:55.371000,0 days 01:09:26.260000,0 days 01:09:50.227000,272.0,234.0,242.0,285.0,False,MEDIUM,17.0,False,Alfa Romeo,0 days 01:08:24.557000,2022-07-29 15:53:24.565,1,,False,,False,True,85.67,85.67
551,0 days 01:11:15.916000,BOT,77,0 days 00:01:25.689000,25.0,7.0,,,30.498,31.07,24.121,0 days 01:10:20.725000,0 days 01:10:51.795000,0 days 01:11:15.916000,275.0,230.0,243.0,285.0,False,MEDIUM,18.0,False,Alfa Romeo,0 days 01:09:50.227000,2022-07-29 15:54:50.235,1,,False,,False,True,85.689,85.689
552,0 days 01:12:41.379000,BOT,77,0 days 00:01:25.463000,26.0,7.0,,,30.615,30.695,24.153,0 days 01:11:46.531000,0 days 01:12:17.226000,0 days 01:12:41.379000,271.0,233.0,241.0,287.0,False,MEDIUM,19.0,False,Alfa Romeo,0 days 01:11:15.916000,2022-07-29 15:56:15.924,1,,False,,False,True,85.463,85.463
553,0 days 01:14:06.770000,BOT,77,0 days 00:01:25.391000,27.0,7.0,,,30.611,30.605,24.175,0 days 01:13:11.990000,0 days 01:13:42.595000,0 days 01:14:06.770000,272.0,234.0,241.0,285.0,False,MEDIUM,20.0,False,Alfa Romeo,0 days 01:12:41.379000,2022-07-29 15:57:41.387,1,,False,,False,True,85.391,85.391
554,0 days 01:15:32.280000,BOT,77,0 days 00:01:25.510000,28.0,7.0,,,30.675,30.745,24.09,0 days 01:14:37.445000,0 days 01:15:08.190000,0 days 01:15:32.280000,271.0,233.0,241.0,286.0,False,MEDIUM,21.0,False,Alfa Romeo,0 days 01:14:06.770000,2022-07-29 15:59:06.778,1,,False,,False,True,85.51,85.51
555,0 days 01:17:22.247000,BOT,77,0 days 00:01:49.967000,29.0,7.0,,,34.048,36.215,39.704,0 days 01:16:06.328000,0 days 01:16:42.543000,0 days 01:17:22.247000,205.0,186.0,47.0,285.0,False,MEDIUM,22.0,False,Alfa Romeo,0 days 01:15:32.280000,2022-07-29 16:00:32.288,1,,False,,False,True,109.967,109.96700000000001
556,0 days 01:19:37.387000,BOT,77,0 days 00:02:15.140000,30.0,7.0,,0 days 01:19:35.545000,64.61,38.384,32.146,0 days 01:18:26.857000,0 days 01:19:05.241000,0 days 01:19:37.387000,224.0,179.0,,247.0,False,MEDIUM,23.0,False,Alfa Romeo,0 days 01:17:22.247000,2022-07-29 16:02:22.255,1,,False,,False,False,135.14,135.14
